1 0.2828125 0.27361111111111114 0.01875 0.03611111111111111
1 0.587109375 0.3229166666666667 0.03671875 0.04861111111111111
1 0.443359375 0.3326388888888889 0.03984375 0.059722222222222225
1 0.769140625 0.3576388888888889 0.06640625 0.0763888888888889
1 0.31328125 0.36666666666666664 0.053125 0.08055555555555556
1 0.952734375 0.36875 0.04453125 0.0763888888888889
1 0.551171875 0.39444444444444443 0.04765625 0.07222222222222222
1 0.40390625 0.40625 0.0546875 0.08194444444444444
1 0.670703125 0.4097222222222222 0.06796875 0.09444444444444444
1 0.441796875 0.42916666666666664 0.02578125 0.11388888888888889
1 0.81640625 0.43680555555555556 0.0609375 0.0875
1 0.0515625 0.47847222222222224 0.0515625 0.09583333333333334
1 0.2765625 0.49166666666666664 0.0609375 0.1
1 0.789453125 0.5145833333333333 0.09609375 0.11805555555555555
1 0.57890625 0.5194444444444445 0.0921875 0.13055555555555556
1 0.16484375 0.5277777777777778 0.0640625 0.14722222222222223
1 0.253515625 0.6 0.05859375 0.14722222222222223
1 0.366796875 0.6368055555555555 0.07421875 0.17916666666666667
1 0.04921875 0.6548611111111111 0.0984375 0.1736111111111111
1 0.738671875 0.6555555555555556 0.08203125 0.175