1 0.73671875 0.2652777777777778 0.084375 0.10277777777777777
1 0.9453125 0.40694444444444444 0.10625 0.13333333333333333
1 0.07890625 0.3486111111111111 0.0734375 0.10555555555555556
1 0.2 0.4375 0.11875 0.1638888888888889
1 0.459375 0.4666666666666667 0.1390625 0.16944444444444445
1 0.5875 0.49027777777777776 0.1234375 0.16111111111111112
1 0.81875 0.5541666666666667 0.153125 0.1638888888888889
1 0.9421875 0.6569444444444444 0.1125 0.18611111111111112
1 0.75234375 0.6458333333333334 0.165625 0.19722222222222222
1 0.47265625 0.6513888888888889 0.16875 0.2111111111111111
1 0.2171875 0.6375 0.165625 0.16944444444444445
1 0.3546875 0.7486111111111111 0.2140625 0.24166666666666667
1 0.8375 0.8416666666666667 0.19375 0.31666666666666665
1 0.61875 0.8694444444444445 0.246875 0.2611111111111111