1 0.290625 0.27291666666666664 0.015625 0.034722222222222224
1 0.623046875 0.32708333333333334 0.03359375 0.05694444444444444
1 0.44609375 0.32916666666666666 0.0328125 0.05555555555555555
1 0.568359375 0.32916666666666666 0.03359375 0.05277777777777778
1 0.734375 0.35138888888888886 0.0546875 0.06944444444444445
1 0.32890625 0.36041666666666666 0.046875 0.07083333333333333
1 0.878125 0.37916666666666665 0.0234375 0.08333333333333333
1 0.542578125 0.3854166666666667 0.03984375 0.07361111111111111
1 0.412890625 0.3972222222222222 0.05078125 0.06944444444444445
1 0.939453125 0.4361111111111111 0.03203125 0.08888888888888889
1 0.1171875 0.45416666666666666 0.053125 0.08611111111111111
1 0.3125 0.4625 0.0578125 0.08888888888888889
1 0.73046875 0.47847222222222224 0.0828125 0.09861111111111111
1 0.5609375 0.4798611111111111 0.075 0.10138888888888889
1 0.212109375 0.4951388888888889 0.05703125 0.1125
1 0.298046875 0.5395833333333333 0.05703125 0.13194444444444445
1 0.392578125 0.5701388888888889 0.05078125 0.13472222222222222
1 0.67890625 0.5819444444444445 0.0609375 0.1361111111111111
1 0.11171875 0.5826388888888889 0.1203125 0.14583333333333334
1 0.13984375 0.7756944444444445 0.0765625 0.18472222222222223