1 0.71171875 0.2763888888888889 0.01875 0.03333333333333333
1 0.40546875 0.2972222222222222 0.028125 0.04722222222222222
1 0.45 0.30416666666666664 0.03125 0.05
1 0.55703125 0.3111111111111111 0.0234375 0.041666666666666664
1 0.3109375 0.3111111111111111 0.0484375 0.06111111111111111
1 0.1984375 0.31527777777777777 0.028125 0.06111111111111111
1 0.58046875 0.3527777777777778 0.04375 0.044444444444444446
1 0.15859375 0.3416666666666667 0.021875 0.05277777777777778
1 0.53515625 0.36944444444444446 0.01875 0.07222222222222222
1 0.8078125 0.4152777777777778 0.0375 0.058333333333333334
1 0.3140625 0.39444444444444443 0.0640625 0.08611111111111111
1 0.45 0.4083333333333333 0.0546875 0.08611111111111111
1 0.7 0.43194444444444446 0.03125 0.06944444444444445
1 0.9484375 0.45 0.05 0.075
1 0.13125 0.4097222222222222 0.0734375 0.1111111111111111
1 0.6265625 0.45416666666666666 0.034375 0.08333333333333333
1 0.546875 0.4638888888888889 0.034375 0.09444444444444444
1 0.34375 0.45416666666666666 0.04375 0.10277777777777777
1 0.7453125 0.48055555555555557 0.08125 0.1111111111111111
1 0.67890625 0.5666666666666667 0.05 0.11666666666666667