1 0.461328125 0.42083333333333334 0.04140625 0.05
1 0.495703125 0.42430555555555555 0.02734375 0.06527777777777778
1 0.0395859375 0.4391111111111111 0.0375 0.0875
1 0.56484375 0.44166666666666665 0.096875 0.07777777777777778
1 0.646484375 0.4444444444444444 0.06328125 0.09722222222222222
1 0.398046875 0.4513888888888889 0.09765625 0.11944444444444445
1 0.69453125 0.4548611111111111 0.05 0.09027777777777778
1 0.27890625 0.46319444444444446 0.0515625 0.09583333333333334
1 0.22578125 0.4965277777777778 0.0890625 0.1875
1 0.088671875 0.5034722222222222 0.08203125 0.20416666666666666
1 0.43125 0.5104166666666666 0.0515625 0.10694444444444444
1 0.534375 0.5131944444444444 0.1453125 0.1597222222222222
1 0.91953125 0.5340277777777778 0.0828125 0.14583333333333334
1 0.0421875 0.5590277777777778 0.075 0.1736111111111111
1 0.1640625 0.575 0.0859375 0.3111111111111111
1 0.791796875 0.5965277777777778 0.16640625 0.22916666666666666
1 0.532421875 0.6138888888888889 0.08515625 0.2638888888888889
1 0.653125 0.675 0.14375 0.37777777777777777