1 0.62421875 0.1986111111111111 0.096875 0.11944444444444445
1 0.82578125 0.2652777777777778 0.09375 0.12222222222222222
1 0.94296875 0.29305555555555557 0.1046875 0.125
1 0.096875 0.10972222222222222 0.1078125 0.10555555555555556
1 0.3796875 0.24027777777777778 0.115625 0.16944444444444445
1 0.21015625 0.21944444444444444 0.1046875 0.15555555555555556
1 0.47421875 0.2833333333333333 0.128125 0.15833333333333333
1 0.7296875 0.3416666666666667 0.0484375 0.1527777777777778
1 0.12734375 0.2125 0.0828125 0.18888888888888888
1 0.59765625 0.3472222222222222 0.1140625 0.15833333333333333
1 0.3671875 0.375 0.121875 0.2111111111111111
1 0.28203125 0.5736111111111111 0.0984375 0.26666666666666666
1 0.16640625 0.5972222222222222 0.1890625 0.2777777777777778
1 0.290625 0.0625 0.08125 0.09444444444444444