1 0.14453125 0.09722222222222222 0.071875 0.13333333333333333
1 0.6890625 0.2152777777777778 0.090625 0.12222222222222222
1 0.96328125 0.25972222222222224 0.0734375 0.11388888888888889
1 0.5765625 0.2111111111111111 0.1140625 0.12222222222222222
1 0.853125 0.2513888888888889 0.084375 0.1111111111111111
1 0.27890625 0.21944444444444444 0.0875 0.1527777777777778
1 0.76484375 0.34444444444444444 0.1265625 0.14166666666666666
1 0.203125 0.3277777777777778 0.10625 0.22777777777777777
1 0.371875 0.3486111111111111 0.1125 0.20555555555555555
1 0.71484375 0.44166666666666665 0.103125 0.20833333333333334
1 0.88671875 0.4638888888888889 0.1421875 0.17222222222222222
1 0.44296875 0.43333333333333335 0.1046875 0.23055555555555557
1 0.34609375 0.6055555555555555 0.165625 0.23055555555555557
1 0.35 0.08194444444444444 0.0734375 0.08333333333333333