1 0.53984375 0.4236111111111111 0.0421875 0.05277777777777778
1 0.50546875 0.425 0.028125 0.06666666666666667
1 0.96171875 0.46805555555555556 0.0390625 0.08888888888888889
1 0.43671875 0.4375 0.0984375 0.08333333333333333
1 0.3546875 0.43472222222222223 0.065625 0.1
1 0.603125 0.4583333333333333 0.1 0.125
1 0.30625 0.44305555555555554 0.0515625 0.09444444444444444
1 0.721875 0.47638888888888886 0.053125 0.1
1 0.77421875 0.5138888888888888 0.0921875 0.19166666666666668
1 0.9109375 0.5291666666666667 0.0859375 0.20833333333333334
1 0.56875 0.5152777777777777 0.053125 0.1111111111111111
1 0.465625 0.5111111111111111 0.1484375 0.16944444444444445
1 0.0796875 0.5083333333333333 0.0859375 0.15
1 0.95625 0.5875 0.078125 0.17777777777777778
1 0.834375 0.5958333333333333 0.0921875 0.31666666666666665
1 0.20625 0.5777777777777777 0.1703125 0.2388888888888889
1 0.465625 0.6125 0.090625 0.26944444444444443
1 0.34375 0.6652777777777777 0.1515625 0.3861111111111111