1 0.48359375 0.15763888888888888 0.0640625 0.13194444444444445
1 0.14140625 0.1798611111111111 0.0625 0.14027777777777778
1 0.835546875 0.22013888888888888 0.04296875 0.17083333333333334
1 0.425 0.25069444444444444 0.090625 0.12638888888888888
1 0.755078125 0.2847222222222222 0.03359375 0.16944444444444445
1 0.449609375 0.41944444444444445 0.04765625 0.13333333333333333
1 0.544921875 0.4486111111111111 0.07734375 0.19166666666666668
1 0.12890625 0.45625 0.0765625 0.1986111111111111
1 0.628515625 0.46458333333333335 0.04609375 0.1875
1 0.633984375 0.059027777777777776 0.05390625 0.11527777777777778
1 0.33203125 0.6236111111111111 0.09375 0.17222222222222222
1 0.48828125 0.6451388888888889 0.0875 0.1763888888888889
1 0.09453125 0.7395833333333334 0.10625 0.17916666666666667
1 0.19453125 0.7604166666666666 0.115625 0.16805555555555557
1 0.651171875 0.8979166666666667 0.09140625 0.20416666666666666
1 0.2515625 0.12638888888888888 0.05 0.14444444444444443