1 0.3 0.22777777777777777 0.0203125 0.03888888888888889
1 0.5984375 0.34305555555555556 0.0390625 0.05555555555555555
1 0.45546875 0.32222222222222224 0.04375 0.06666666666666667
1 0.7765625 0.4166666666666667 0.071875 0.08888888888888889
1 0.3234375 0.3277777777777778 0.0578125 0.09166666666666666
1 0.95859375 0.46805555555555556 0.05 0.08611111111111111
1 0.5578125 0.40694444444444444 0.0515625 0.08333333333333333
1 0.4109375 0.3861111111111111 0.059375 0.09444444444444444
1 0.67578125 0.44722222222222224 0.0734375 0.10833333333333334
1 0.446875 0.4166666666666667 0.0328125 0.11944444444444445
1 0.81875 0.5055555555555555 0.0671875 0.1
1 0.05625 0.3819444444444444 0.0578125 0.10555555555555556
1 0.27890625 0.44305555555555554 0.0671875 0.1111111111111111
1 0.7859375 0.5777777777777777 0.103125 0.1388888888888889
1 0.57734375 0.5361111111111111 0.1 0.15
1 0.165625 0.45555555555555555 0.0734375 0.16111111111111112
1 0.2484375 0.5458333333333333 0.06875 0.15833333333333333
1 0.35859375 0.6069444444444444 0.0859375 0.19444444444444445
1 0.0484375 0.5555555555555556 0.096875 0.19444444444444445
1 0.7265625 0.7055555555555556 0.09375 0.19166666666666668