1 0.4703125 0.16111111111111112 0.06875 0.1388888888888889
1 0.1296875 0.225 0.0671875 0.14722222222222223
1 0.8234375 0.17916666666666667 0.05 0.175
1 0.415625 0.2611111111111111 0.0953125 0.1361111111111111
1 0.74609375 0.25416666666666665 0.040625 0.17222222222222222
1 0.446875 0.4263888888888889 0.053125 0.1388888888888889
1 0.54296875 0.44305555555555554 0.084375 0.2
1 0.128125 0.5027777777777778 0.084375 0.20833333333333334
1 0.6265625 0.4486111111111111 0.053125 0.19166666666666668
1 0.61640625 0.05138888888888889 0.0578125 0.10277777777777777
1 0.3375 0.6444444444444445 0.1 0.18333333333333332
1 0.49375 0.6458333333333334 0.09375 0.18611111111111112
1 0.1046875 0.7888888888888889 0.1125 0.19166666666666668
1 0.20546875 0.7972222222222223 0.121875 0.18333333333333332
1 0.66640625 0.8777777777777778 0.0984375 0.21388888888888888
1 0.2375 0.15833333333333333 0.05625 0.15