1 0.29296875 0.2638888888888889 0.01875 0.03333333333333333
1 0.5984375 0.30277777777777776 0.0265625 0.044444444444444446
1 0.553515625 0.3076388888888889 0.03046875 0.04861111111111111
1 0.446875 0.30833333333333335 0.021875 0.041666666666666664
1 0.69296875 0.3229166666666667 0.046875 0.05694444444444444
1 0.8046875 0.33402777777777776 0.0265625 0.059722222222222225
1 0.422265625 0.34791666666666665 0.04296875 0.043055555555555555
1 0.844140625 0.3625 0.02109375 0.05277777777777778
1 0.4671875 0.36666666666666664 0.0171875 0.07222222222222222
1 0.19375 0.39652777777777776 0.0359375 0.05694444444444444
1 0.68828125 0.40555555555555556 0.0625 0.08333333333333333
1 0.5515625 0.41180555555555554 0.053125 0.08194444444444444
1 0.301171875 0.4201388888888889 0.03046875 0.06805555555555555
1 0.052734375 0.4215277777777778 0.04921875 0.07083333333333333
1 0.8703125 0.43333333333333335 0.071875 0.10555555555555556
1 0.374609375 0.44583333333333336 0.03359375 0.08055555555555556
1 0.453515625 0.46111111111111114 0.03203125 0.09166666666666666
1 0.657421875 0.46458333333333335 0.04140625 0.10138888888888889
1 0.25546875 0.46597222222222223 0.0796875 0.10694444444444444
1 0.31953125 0.5555555555555556 0.0484375 0.11388888888888889