1 0.7234375 0.3194444444444444 0.0171875 0.03888888888888889
1 0.38984375 0.3013888888888889 0.0375 0.06388888888888888
1 0.56484375 0.3416666666666667 0.0359375 0.06111111111111111
1 0.44375 0.31527777777777777 0.0375 0.058333333333333334
1 0.27734375 0.3013888888888889 0.059375 0.08055555555555556
1 0.6796875 0.39861111111111114 0.0515625 0.08055555555555556
1 0.1328125 0.2986111111111111 0.0296875 0.08888888888888889
1 0.465625 0.3763888888888889 0.0453125 0.08055555555555556
1 0.59375 0.4166666666666667 0.0546875 0.08055555555555556
1 0.06796875 0.3416666666666667 0.0375 0.09444444444444444
1 0.8828125 0.5375 0.059375 0.09722222222222222
1 0.6890625 0.5027777777777778 0.0640625 0.1
1 0.27265625 0.42916666666666664 0.0890625 0.11666666666666667
1 0.440625 0.4666666666666667 0.08125 0.11666666666666667
1 0.7859375 0.5569444444444445 0.0640625 0.125
1 0.69765625 0.5833333333333334 0.065625 0.14444444444444443
1 0.6015625 0.5930555555555556 0.059375 0.14444444444444443
1 0.3171875 0.5430555555555555 0.0703125 0.14722222222222223
1 0.8796875 0.6666666666666666 0.1296875 0.16944444444444445
1 0.83828125 0.8513888888888889 0.0890625 0.2