1 0.2703125 0.24305555555555555 0.08125 0.09444444444444444
1 0.0578125 0.3659722222222222 0.103125 0.12361111111111112
1 0.925 0.38819444444444445 0.0703125 0.09861111111111111
1 0.801171875 0.4652777777777778 0.11484375 0.1527777777777778
1 0.54140625 0.4701388888888889 0.134375 0.15694444444444444
1 0.41328125 0.48194444444444445 0.11875 0.15
1 0.180078125 0.5243055555555556 0.14921875 0.15138888888888888
1 0.05390625 0.6152777777777778 0.1078125 0.175
1 0.243359375 0.6215277777777778 0.16015625 0.18194444444444444
1 0.52265625 0.6534722222222222 0.1625 0.19583333333333333
1 0.778125 0.6631944444444444 0.1609375 0.15416666666666667
1 0.637890625 0.7611111111111111 0.20703125 0.2222222222222222
1 0.152734375 0.8194444444444444 0.18515625 0.31666666666666665
1 0.36953125 0.8694444444444445 0.2390625 0.2611111111111111