1 0.1296875 0.1423611111111111 0.0671875 0.12638888888888888
1 0.67734375 0.19236111111111112 0.0859375 0.1125
1 0.958984375 0.20208333333333334 0.08203125 0.10416666666666667
1 0.56484375 0.20277777777777778 0.109375 0.10833333333333334
1 0.8421875 0.2076388888888889 0.08125 0.10138888888888889
1 0.268359375 0.24791666666666667 0.08203125 0.14305555555555555
1 0.758203125 0.31180555555555556 0.12265625 0.12638888888888888
1 0.196875 0.3645833333333333 0.0984375 0.2152777777777778
1 0.366015625 0.36527777777777776 0.10546875 0.19166666666666668
1 0.712109375 0.41458333333333336 0.09609375 0.19583333333333333
1 0.883984375 0.41597222222222224 0.13671875 0.15694444444444444
1 0.440625 0.4409722222222222 0.096875 0.21805555555555556
1 0.350390625 0.6243055555555556 0.15703125 0.2125
1 0.333984375 0.10138888888888889 0.07109375 0.075