1 0.60234375 0.17430555555555555 0.090625 0.10138888888888889
1 0.807421875 0.19652777777777777 0.08671875 0.10416666666666667
1 0.925390625 0.19930555555555557 0.09765625 0.10416666666666667
1 0.0734375 0.19930555555555557 0.103125 0.08472222222222223
1 0.3625 0.26805555555555555 0.10625 0.14722222222222223
1 0.193359375 0.2847222222222222 0.09609375 0.1361111111111111
1 0.459765625 0.2902777777777778 0.11953125 0.13333333333333333
1 0.716796875 0.29305555555555557 0.03828125 0.14444444444444443
1 0.110546875 0.29583333333333334 0.07109375 0.175
1 0.58671875 0.32708333333333334 0.1046875 0.1375
1 0.359375 0.4041666666666667 0.109375 0.18888888888888888
1 0.288671875 0.6208333333333333 0.08203125 0.25
1 0.175390625 0.66875 0.17421875 0.24305555555555555
1 0.262109375 0.1111111111111111 0.07578125 0.07777777777777778