0 0.57328 0.032044964871194376 0.04703999999999997 0.06408992974238875
0 0.58984 0.09715409836065574 0.051180000000000093 0.07650023419203747
0 0.6181 0.1390313817330211 0.04152000000000004 0.06097236533957848
0 0.64018 0.15917564402810305 0.04842000000000013 0.07236346604215459
0 0.60052 0.23618548009367682 0.05185999999999993 0.07751943793911005
0 0.6077600000000001 0.34317189695550354 0.055319999999999855 0.09094894613583138
0 0.45536000000000004 0.4300140515222482 0.051140000000000005 0.05581639344262293
0 0.40881999999999996 0.36592412177985945 0.05182000000000002 0.07029508196721303
0 0.58362 0.45843185011709603 0.049799999999999935 0.07545105386416863
0 0.54122 0.4889180327868852 0.05047999999999995 0.06615831381733019
0 0.52328 0.5638594847775176 0.05045999999999999 0.06924590163934435
0 0.52742 0.637272131147541 0.05459999999999994 0.07958782201405161
0 0.37848000000000004 0.6682679156908666 0.053200000000000094 0.06924590163934423
0 0.30986 0.706008430913349 0.04972000000000003 0.06615831381733019
0 0.2685 0.7525021077283373 0.04695999999999998 0.06615831381733019
0 0.19988 0.8119456674473068 0.04625999999999997 0.06924590163934423
0 0.05886 0.8517545667447306 0.04828 0.05788477751756422