0 0.528125 0.02810304449648712 0.053125 0.05620608899297424
0 0.5515625 0.08196721311475409 0.0578125 0.08665105386416862
0 0.58359375 0.11826697892271663 0.046875 0.06791569086651054
0 0.60703125 0.13348946135831383 0.0546875 0.08196721311475409
0 0.575 0.21779859484777517 0.0578125 0.08665105386416862
0 0.5921875 0.32201405152224827 0.0625 0.10070257611241218
0 0.44921875 0.44028103044496486 0.05625 0.06557377049180328
0 0.396875 0.3864168618266979 0.0578125 0.07962529274004684
0 0.57890625 0.4414519906323185 0.05625 0.08430913348946135
0 0.53984375 0.48009367681498827 0.05625 0.07494145199063232
0 0.52890625 0.5585480093676815 0.05625 0.07962529274004684
0 0.53984375 0.629976580796253 0.0609375 0.09133489461358314
0 0.3953125 0.6920374707259953 0.059375 0.07962529274004684
0 0.33046875 0.7435597189695551 0.0546875 0.07494145199063232
0 0.29453125 0.7985948477751756 0.053125 0.07494145199063232
0 0.23203125 0.8711943793911007 0.0515625 0.07728337236533958
0 0.09609375 0.9402810304449649 0.053125 0.06791569086651054