0 0.89296875 0.0546875 0.090625 0.0625
0 0.30390625 0.4140625 0.0734375 0.0578125
0 0.14140625 0.784375 0.0359375 0.040625
0 0.74296875 0.54453125 0.053125 0.0453125
0 0.85859375 0.45078125 0.0515625 0.05
0 0.41328125 0.42734375 0.0328125 0.0421875
0 0.275 0.484375 0.0515625 0.0734375
0 0.5109375 0.57890625 0.0453125 0.05625
0 0.54453125 0.56328125 0.040625 0.034375
0 0.43984375 0.55546875 0.0515625 0.0734375
0 0.384375 0.53671875 0.0390625 0.04375
0 0.2359375 0.77578125 0.0265625 0.0234375
0 0.08828125 0.8265625 0.040625 0.0390625
0 0.2921875 0.7 0.034375 0.0375
0 0.34453125 0.5546875 0.03125 0.0328125
0 0.96953125 0.5984375 0.0265625 0.0359375
0 0.88671875 0.565625 0.065625 0.0328125
0 0.89609375 0.5953125 0.0421875 0.0453125
0 0.834375 0.79140625 0.0515625 0.05
0 0.89765625 0.6453125 0.0609375 0.0484375
0 0.8375 0.65859375 0.0421875 0.04375
0 0.6703125 0.684375 0.0609375 0.0375
0 0.778125 0.6578125 0.0453125 0.0484375
0 0.82734375 0.70859375 0.0375 0.046875
0 0.6390625 0.734375 0.046875 0.0484375
0 0.565625 0.69375 0.03125 0.0328125
0 0.52890625 0.665625 0.034375 0.0375
0 0.79375 0.7171875 0.053125 0.0546875
0 0.7546875 0.7078125 0.03125 0.0390625
0 0.425 0.62421875 0.0421875 0.04375
0 0.915625 0.82734375 0.0375 0.0359375
0 0.9 0.76796875 0.028125 0.040625
0 0.75625 0.84140625 0.028125 0.028125
0 0.8546875 0.82734375 0.040625 0.0359375
0 0.69765625 0.846875 0.046875 0.0359375
0 0.63203125 0.775 0.0390625 0.0453125
0 0.6546875 0.85625 0.0265625 0.0234375
0 0.67734375 0.828125 0.0390625 0.0296875
0 0.46796875 0.7421875 0.0375 0.0421875
0 0.309375 0.81015625 0.0375 0.0421875
0 0.1046875 0.88515625 0.0453125 0.0484375
0 0.3296875 0.7390625 0.05 0.0359375
0 0.3578125 0.85390625 0.0390625 0.04375
0 0.71484375 0.940625 0.0703125 0.0625
0 0.5828125 0.8484375 0.0234375 0.04375
0 0.53125 0.82109375 0.0515625 0.065625
0 0.44453125 0.6875 0.046875 0.0578125
0 0.56953125 0.93046875 0.0328125 0.0328125
0 0.46328125 0.8515625 0.025 0.0390625
0 0.421875 0.73515625 0.0203125 0.028125
0 0.52578125 0.92578125 0.0171875 0.01875
0 0.50703125 0.9203125 0.0234375 0.034375
0 0.55859375 0.8765625 0.0359375 0.0359375
0 0.51875 0.87421875 0.021875 0.03125
0 0.409375 0.78046875 0.03125 0.0375
0 0.38203125 0.65625 0.05 0.0375