0 0.16484375 0.1890625 0.2796875 0.378125
0 0.496875 0.1109375 0.140625 0.203125
0 0.7328125 0.16796875 0.1171875 0.1703125
0 0.88984375 0.17578125 0.1390625 0.190625
0 0.72265625 0.46484375 0.0984375 0.1859375
0 0.3671875 0.21484375 0.078125 0.2203125
0 0.1984375 0.55390625 0.2234375 0.2203125
0 0.0734375 0.59296875 0.146875 0.1703125
0 0.38671875 0.69453125 0.15625 0.246875
0 0.66015625 0.58359375 0.16875 0.2234375
0 0.57578125 0.359375 0.1671875 0.2078125
0 0.53046875 0.30703125 0.153125 0.1828125
0 0.88203125 0.4484375 0.0828125 0.2203125
0 0.94765625 0.55390625 0.1046875 0.2203125
0 0.79609375 0.86796875 0.196875 0.2578125
0 0.27265625 0.8765625 0.0984375 0.2171875
0 0.053125 0.8328125 0.10625 0.265625
0 0.05078125 0.65703125 0.1015625 0.2015625
0 0.36953125 0.45625 0.1625 0.2328125
0 0.29375 0.76484375 0.121875 0.1828125