0 0.3545673076923077 0.11057692307692309 0.08894230769230767 0.1634615384615385
0 0.2620192307692308 0.5480769230769231 0.060096153846153834 0.139423076923077
0 0.75 0.24759615384615388 0.0697115384615385 0.11298076923076925
0 0.7860576923076923 0.578125 0.08173076923076925 0.125
0 0.905048076923077 0.7427884615384616 0.05048076923076934 0.17307692307692318
0 0.967548076923077 0.6802884615384616 0.06009615384615401 0.12019230769230767
0 0.9651442307692308 0.796875 0.06009615384615401 0.08653846153846159
0 0.8293269230769231 0.9158653846153847 0.055288461538461675 0.08413461538461534
0 0.731971153846154 0.7872596153846154 0.05769230769230767 0.11298076923076916
0 0.6802884615384616 0.7103365384615385 0.05288461538461533 0.10336538461538466
0 0.6201923076923077 0.6442307692307693 0.08413461538461534 0.18269230769230765
0 0.669471153846154 0.33293269230769235 0.07692307692307701 0.20913461538461534
0 0.4915865384615385 0.4519230769230769 0.060096153846153834 0.17307692307692313
0 0.5625 0.4314903846153847 0.1009615384615385 0.19951923076923078
0 0.04326923076923077 0.5192307692307693 0.08173076923076925 0.15865384615384617
0 0.3341346153846154 0.6370192307692308 0.05769230769230767 0.09855769230769233
0 0.45072115384615385 0.8028846153846155 0.055288461538461495 0.13701923076923075
0 0.37259615384615385 0.747596153846154 0.06249999999999996 0.12500000000000008
0 0.4026442307692307 0.5769230769230769 0.05769230769230767 0.11538461538461534
0 0.4050480769230769 0.6478365384615385 0.05769230769230767 0.11298076923076916
0 0.5012019230769231 0.6899038461538461 0.10817307692307701 0.25721153846153844