0 0.3545673076923077 0.22836538461538464 0.05048076923076925 0.03605769230769233
0 0.3557692307692308 0.27043269230769235 0.05769230769230767 0.028846153846153834
0 0.3665865384615385 0.33533653846153844 0.05288461538461542 0.024038461538461498
0 0.30168269230769235 0.9002403846153847 0.038461538461538505 0.02884615384615401
0 0.37980769230769235 0.8701923076923077 0.04807692307692304 0.026442307692307664
0 0.4603365384615385 0.84375 0.05048076923076916 0.03125
0 0.5504807692307693 0.8161057692307694 0.045673076923077004 0.026442307692307664
0 0.6358173076923077 0.780048076923077 0.05769230769230767 0.024038461538461498
0 0.7151442307692308 0.764423076923077 0.038461538461538505 0.028846153846153834
0 0.8185096153846155 0.7223557692307693 0.038461538461538415 0.028846153846153834
0 0.9146634615384617 0.7091346153846154 0.026442307692307664 0.03605769230769233
0 0.359375 0.8161057692307694 0.03125 0.033653846153846076
0 0.390625 0.7512019230769231 0.038461538461538505 0.028846153846153834
0 0.39903846153846156 0.3701923076923077 0.04326923076923075 0.026442307692307664
0 0.4134615384615385 0.4206730769230769 0.028846153846153834 0.024038461538461498
0 0.41466346153846156 0.3882211538461539 0.033653846153846166 0.024038461538461543
0 0.4122596153846154 0.4543269230769231 0.033653846153846166 0.03125
0 0.4074519230769231 0.49639423076923084 0.03125 0.02163461538461533
0 0.39302884615384615 0.5396634615384616 0.05288461538461538 0.033653846153846166
0 0.4098557692307693 0.6947115384615385 0.043269230769230796 0.028846153846153834
0 0.375 0.6706730769230769 0.038461538461538505 0.026442307692307664
0 0.37980769230769235 0.640625 0.05288461538461538 0.026442307692307664
0 0.39543269230769235 0.5745192307692308 0.038461538461538505 0.026442307692307664