0 0.17734375 0.27265625 0.0890625 0.109375
0 0.40078125 0.2828125 0.1046875 0.0828125
0 0.72578125 0.33125 0.1140625 0.13125
0 0.56484375 0.33515625 0.10625 0.1234375
0 0.496875 0.39375 0.0765625 0.1359375
0 0.6875 0.4578125 0.1140625 0.1109375
0 0.79140625 0.66171875 0.09375 0.090625
0 0.871875 0.59765625 0.0875 0.103125
0 0.74453125 0.58984375 0.0921875 0.075
0 0.80546875 0.56796875 0.0796875 0.096875
0 0.61875 0.71328125 0.075 0.06875
0 0.66640625 0.6578125 0.0484375 0.0453125
0 0.6296875 0.6453125 0.053125 0.0625
0 0.1375 0.43046875 0.06875 0.115625
0 0.378125 0.4578125 0.075 0.1140625
0 0.30234375 0.50078125 0.0875 0.121875
0 0.22890625 0.38359375 0.115625 0.146875
0 0.575 0.465625 0.096875 0.1203125
0 0.98671875 0.27109375 0.0265625 0.1078125
0 0.56171875 0.57890625 0.06875 0.0875
0 0.265625 0.6296875 0.071875 0.05625
0 0.553125 0.68125 0.0765625 0.0546875
0 0.43046875 0.6296875 0.0515625 0.0625
0 0.33671875 0.6140625 0.065625 0.109375
0 0.3875 0.64921875 0.0453125 0.0546875
0 0.44921875 0.509375 0.0953125 0.1296875
0 0.4875 0.60390625 0.075 0.146875