0 0.2644230769230769 0.3509615384615385 0.16586538461538464 0.298076923076923
0 0.5877403846153847 0.23197115384615388 0.1322115384615385 0.23076923076923075
0 0.8533653846153847 0.6394230769230769 0.03605769230769233 0.08894230769230767
0 0.8858173076923077 0.7139423076923077 0.12019230769230767 0.12019230769230767
0 0.9627403846153847 0.6742788461538461 0.03605769230769233 0.10336538461538466
0 0.09495192307692309 0.7860576923076923 0.12740384615384617 0.1322115384615384
0 0.14182692307692307 0.7115384615384616 0.11057692307692309 0.055288461538461495
0 0.5348557692307693 0.8521634615384615 0.0697115384615385 0.08413461538461534
0 0.6057692307692308 0.7307692307692308 0.05048076923076916 0.12019230769230767
0 0.6310096153846154 0.6682692307692308 0.038461538461538505 0.0865384615384615
0 0.7439903846153847 0.7764423076923077 0.15625 0.17548076923076916
0 0.4939903846153847 0.7752403846153847 0.139423076923077 0.08894230769230767
0 0.3137019230769231 0.7427884615384616 0.10336538461538466 0.0697115384615385
0 0.43028846153846156 0.6646634615384616 0.11057692307692313 0.06730769230769233
0 0.41947115384615385 0.7427884615384616 0.08413461538461538 0.06490384615384617
0 0.2980769230769231 0.6682692307692308 0.14663461538461542 0.07692307692307701
0 0.1514423076923077 0.6646634615384616 0.033653846153846166 0.0625