0 0.375 0.03966346153846154 0.07932692307692304 0.060096153846153855
0 0.6189903846153847 0.08173076923076925 0.09855769230769233 0.06971153846153848
0 0.5925480769230769 0.16947115384615383 0.09615384615384617 0.09615384615384615
0 0.5444711538461539 0.25721153846153844 0.07451923076923084 0.07451923076923075
0 0.4543269230769231 0.24399038461538464 0.05769230769230767 0.0697115384615385
0 0.3161057692307693 0.35336538461538464 0.07692307692307691 0.07932692307692309
0 0.5132211538461539 0.38461538461538464 0.09375 0.04807692307692309
0 0.40865384615384615 0.38822115384615385 0.07211538461538462 0.06971153846153846
0 0.3762019230769231 0.5240384615384616 0.06490384615384617 0.05288461538461533
0 0.45072115384615385 0.5709134615384616 0.06490384615384617 0.055288461538461495
0 0.3545673076923077 0.5973557692307693 0.07692307692307691 0.055288461538461495
0 0.4314903846153847 0.6574519230769231 0.060096153846153834 0.03125
0 0.4519230769230769 0.7067307692307693 0.0625 0.060096153846153834
0 0.24639423076923078 0.7043269230769231 0.08173076923076925 0.0625
0 0.31490384615384615 0.7512019230769231 0.04326923076923075 0.09615384615384617
0 0.21274038461538464 0.8473557692307694 0.06730769230769233 0.0625
0 0.373798076923077 0.8569711538461539 0.08173076923076925 0.03125
0 0.3701923076923077 0.9086538461538461 0.05288461538461542 0.048076923076922996
0 0.34615384615384615 0.9543269230769231 0.04567307692307691 0.04326923076923066