0 0.24609375 0.38515625 0.20625 0.31875
0 0.54921875 0.22265625 0.1625 0.246875
0 0.86953125 0.5890625 0.0484375 0.09375
0 0.91171875 0.6578125 0.1359375 0.1359375
0 0.97890625 0.60703125 0.0421875 0.1078125
0 0.1390625 0.83984375 0.1453125 0.1484375
0 0.175 0.759375 0.1171875 0.0703125
0 0.58359375 0.84375 0.08125 0.09375
0 0.63671875 0.7140625 0.0671875 0.1265625
0 0.653125 0.6484375 0.05 0.090625
0 0.78046875 0.73984375 0.1796875 0.1953125
0 0.53203125 0.7734375 0.15 0.1078125
0 0.34921875 0.76640625 0.1125 0.0828125
0 0.45390625 0.67265625 0.11875 0.0828125
0 0.45390625 0.7515625 0.0921875 0.0765625
0 0.3234375 0.69453125 0.15625 0.096875
0 0.178125 0.71171875 0.0421875 0.0671875