0 0.14302884615384617 0.19951923076923078 0.25240384615384615 0.389423076923077
0 0.4699519230769231 0.11177884615384617 0.12740384615384617 0.1947115384615385
0 0.7091346153846154 0.15264423076923078 0.10576923076923084 0.16346153846153846
0 0.8665865384615385 0.14903846153846154 0.12740384615384634 0.18269230769230774
0 0.7199519230769231 0.44951923076923084 0.0865384615384615 0.1802884615384615
0 0.3473557692307693 0.22475961538461542 0.0625 0.21634615384615383
0 0.203125 0.5745192307692308 0.20913461538461534 0.20673076923076933
0 0.08052884615384616 0.622596153846154 0.13942307692307693 0.16105769230769235
0 0.4002403846153847 0.701923076923077 0.13942307692307696 0.23798076923076933
0 0.6658653846153847 0.5721153846153847 0.15384615384615383 0.21394230769230765
0 0.5661057692307693 0.3545673076923077 0.15384615384615383 0.19711538461538458
0 0.5168269230769231 0.30528846153846156 0.14182692307692318 0.17307692307692307
0 0.8774038461538461 0.421875 0.06730769230769233 0.21634615384615383
0 0.951923076923077 0.5228365384615385 0.09134615384615401 0.21394230769230765
0 0.8209134615384615 0.8461538461538461 0.1802884615384616 0.24519230769230765
0 0.29927884615384615 0.8918269230769231 0.08413461538461542 0.2115384615384616
0 0.0625 0.8653846153846155 0.12019230769230771 0.25721153846153844
0 0.05408653846153847 0.6887019230769231 0.10576923076923077 0.1947115384615385
0 0.3665865384615385 0.46514423076923084 0.14663461538461536 0.22355769230769235
0 0.3125 0.778846153846154 0.11057692307692309 0.17548076923076916