0 0.9359375 0.41875 0.0328125 0.0609375
0 0.90078125 0.44140625 0.028125 0.075
0 0.75703125 0.41015625 0.0515625 0.075
0 0.3453125 0.58046875 0.071875 0.0921875
0 0.2484375 0.325 0.0296875 0.053125
0 0.31796875 0.19296875 0.03125 0.03125
0 0.36484375 0.34453125 0.0484375 0.0484375
0 0.30390625 0.3390625 0.0515625 0.05625
0 0.49296875 0.3703125 0.0921875 0.0671875
0 0.42890625 0.33515625 0.025 0.053125
0 0.59609375 0.415625 0.0515625 0.065625
0 0.6625 0.3921875 0.04375 0.065625
0 0.7078125 0.415625 0.0234375 0.075
0 0.61484375 0.38046875 0.04375 0.0515625