0 0.7109375 0.2609375 0.03125 0.040625
0 0.2953125 0.14296875 0.0515625 0.0421875
0 0.43984375 0.2375 0.04375 0.025
0 0.5390625 0.26015625 0.0484375 0.04375
0 0.5765625 0.3484375 0.0484375 0.0390625
0 0.64375 0.471875 0.0578125 0.04375
0 0.73671875 0.58515625 0.040625 0.0265625
0 0.64140625 0.8140625 0.0265625 0.021875
0 0.1890625 0.91640625 0.0296875 0.0296875
0 0.4359375 0.6046875 0.04375 0.03125
0 0.50859375 0.6609375 0.034375 0.0421875
0 0.5875 0.61015625 0.0515625 0.0375
0 0.575 0.57421875 0.04375 0.0390625
0 0.5265625 0.59296875 0.0390625 0.0296875
0 0.5078125 0.615625 0.0484375 0.0171875