0 0.042067307692307696 0.12139423076923077 0.08413461538461539 0.05048076923076922
0 0.6802884615384616 0.38461538461538464 0.06730769230769233 0.04807692307692309
0 0.8990384615384617 0.7247596153846154 0.03125 0.03605769230769233
0 0.2668269230769231 0.5817307692307693 0.04807692307692309 0.038461538461538505
0 0.13822115384615385 0.5072115384615385 0.04567307692307691 0.04326923076923084
0 0.5745192307692308 0.41466346153846156 0.026442307692307664 0.038461538461538505
0 0.7199519230769231 0.44951923076923084 0.04086538461538467 0.06730769230769233
0 0.5012019230769231 0.5793269230769231 0.038461538461538505 0.05048076923076916
0 0.46634615384615385 0.5697115384615385 0.03605769230769233 0.028846153846153834
0 0.5685096153846154 0.5456730769230769 0.04086538461538467 0.06730769230769233
0 0.6201923076923077 0.5180288461538461 0.033653846153846166 0.038461538461538505
0 0.8040865384615385 0.7307692307692308 0.024038461538461585 0.019230769230769162
0 0.9579326923076923 0.7584134615384616 0.03605769230769233 0.033653846153846166
0 0.7367788461538461 0.6646634615384616 0.028846153846153834 0.033653846153846166
0 0.6622596153846154 0.5300480769230769 0.026442307692307664 0.028846153846153834
0 0.05168269230769231 0.6706730769230769 0.02163461538461538 0.033653846153846166
0 0.12860576923076922 0.625 0.0625 0.024038461538461498
0 0.12379807692307694 0.65625 0.03605769230769229 0.04086538461538467
0 0.21514423076923078 0.8401442307692308 0.04567307692307691 0.04326923076923066
0 0.12980769230769232 0.7055288461538461 0.05528846153846154 0.04086538461538467
0 0.19110576923076925 0.7091346153846154 0.03605769230769231 0.038461538461538505
0 0.3605769230769231 0.7091346153846154 0.05769230769230767 0.028846153846153834
0 0.25 0.6995192307692308 0.038461538461538505 0.04326923076923084
0 0.20913461538461536 0.7572115384615385 0.03125 0.04326923076923084
0 0.39903846153846156 0.7536057692307693 0.04086538461538458 0.04326923076923084
0 0.46514423076923084 0.701923076923077 0.026442307692307664 0.028846153846153834
0 0.49759615384615385 0.6682692307692308 0.028846153846153834 0.033653846153846166
0 0.24399038461538464 0.7608173076923077 0.04567307692307691 0.048076923076922996
0 0.28125 0.7451923076923077 0.026442307692307664 0.03605769230769233
0 0.59375 0.6105769230769231 0.03605769230769233 0.038461538461538505
0 0.140625 0.8882211538461539 0.033653846153846166 0.03125
0 0.1466346153846154 0.826923076923077 0.021634615384615374 0.038461538461538325
0 0.3004807692307693 0.8774038461538461 0.024038461538461498 0.024038461538461675
0 0.20072115384615388 0.8786057692307694 0.03605769230769231 0.03125
0 0.359375 0.873798076923077 0.04326923076923075 0.02884615384615401
0 0.4122596153846154 0.7920673076923077 0.033653846153846166 0.04086538461538458
0 0.4026442307692307 0.8762019230769231 0.024038461538461498 0.01923076923076934
0 0.3762019230769231 0.8521634615384615 0.03605769230769233 0.024038461538461675
0 0.5697115384615385 0.734375 0.03125 0.038461538461538505
0 0.7367788461538461 0.7764423076923077 0.03125 0.038461538461538505
0 0.9507211538461539 0.8185096153846155 0.038461538461538325 0.04326923076923075
0 0.7055288461538461 0.7091346153846154 0.045673076923077004 0.028846153846153834
0 0.6959134615384616 0.826923076923077 0.033653846153846166 0.038461538461538325
0 0.35697115384615385 0.96875 0.0625 0.05288461538461533
0 0.4723557692307693 0.8569711538461539 0.016826923076922996 0.04086538461538467
0 0.5192307692307693 0.8221153846153847 0.04326923076923084 0.060096153846153924
0 0.5841346153846154 0.6766826923076923 0.038461538461538505 0.05288461538461533
0 0.4987980769230769 0.936298076923077 0.028846153846153834 0.02884615384615401
0 0.591346153846154 0.8413461538461539 0.019230769230769162 0.03605769230769233
0 0.6141826923076923 0.7199519230769231 0.016826923076922996 0.026442307692307664
0 0.5408653846153847 0.9242788461538461 0.014423076923077005 0.016826923076922996
0 0.5588942307692308 0.9158653846153847 0.019230769230769162 0.03125
0 0.5012019230769231 0.8810096153846155 0.03125 0.03125
0 0.5396634615384616 0.8725961538461539 0.016826923076922996 0.02884615384615401
0 0.6334134615384616 0.763221153846154 0.026442307692307664 0.033653846153846166
0 0.640625 0.6358173076923077 0.045673076923077004 0.03125