0 0.63828125 0.1078125 0.0921875 0.165625
0 0.7390625 0.54375 0.0625 0.140625
0 0.2453125 0.25234375 0.071875 0.1140625
0 0.215625 0.5828125 0.084375 0.1265625
0 0.09921875 0.75 0.053125 0.1734375
0 0.0359375 0.68828125 0.0625 0.121875
0 0.03984375 0.8046875 0.0609375 0.0875
0 0.178125 0.921875 0.05625 0.084375
0 0.2734375 0.79140625 0.059375 0.1140625
0 0.3234375 0.71328125 0.0546875 0.1046875
0 0.38203125 0.64609375 0.0875 0.184375
0 0.32734375 0.3359375 0.08125 0.2109375
0 0.5078125 0.4515625 0.0625 0.1734375
0 0.4359375 0.4328125 0.1046875 0.2015625
0 0.95703125 0.5109375 0.084375 0.159375
0 0.66796875 0.634375 0.059375 0.1
0 0.5546875 0.80234375 0.0578125 0.1375
0 0.63203125 0.7453125 0.0640625 0.1265625
0 0.5984375 0.575 0.059375 0.115625
0 0.59765625 0.64609375 0.059375 0.1140625
0 0.50234375 0.68984375 0.1125 0.259375