0 0.1875 0.14182692307692307 0.13461538461538464 0.12980769230769235
0 0.5697115384615385 0.12740384615384617 0.13701923076923084 0.20913461538461534
0 0.6995192307692308 0.43389423076923084 0.1634615384615385 0.22836538461538466
0 0.936298076923077 0.622596153846154 0.12259615384615401 0.25240384615384615
0 0.7884615384615385 0.8389423076923077 0.10096153846153841 0.11057692307692299
0 0.591346153846154 0.6598557692307693 0.15144230769230765 0.15865384615384617
0 0.48677884615384615 0.36177884615384615 0.15384615384615383 0.15144230769230765
0 0.326923076923077 0.32211538461538464 0.125 0.08653846153846159
0 0.27524038461538464 0.4747596153846154 0.1658653846153846 0.14182692307692318
0 0.11658653846153846 0.49519230769230776 0.13701923076923075 0.1009615384615385
0 0.3713942307692308 0.6899038461538461 0.10336538461538458 0.07692307692307701
0 0.3377403846153846 0.780048076923077 0.1610576923076923 0.11778846153846159
0 0.7451923076923078 0.2764423076923077 0.11538461538461542 0.1322115384615384