0 0.44765625 0.4578125 0.0578125 0.0625
0 0.64140625 0.5484375 0.071875 0.0828125
0 0.7625 0.4234375 0.0546875 0.0421875
0 0.69375 0.39140625 0.0359375 0.0453125
0 0.809375 0.36796875 0.0390625 0.0640625
0 0.9078125 0.35078125 0.046875 0.0515625
0 0.18671875 0.41875 0.04375 0.040625
0 0.0984375 0.4859375 0.040625 0.0390625
0 0.0640625 0.47109375 0.0515625 0.0515625
0 0.1375 0.68203125 0.075 0.0796875
0 0.32578125 0.63515625 0.0859375 0.05
0 0.221875 0.87890625 0.0703125 0.1359375
0 0.21875 0.4609375 0.0625 0.0515625