0 0.21640625 0.83515625 0.0515625 0.10625
0 0.61796875 0.571875 0.059375 0.0609375
0 0.73828125 0.46796875 0.046875 0.0296875
0 0.3390625 0.61171875 0.0734375 0.0546875
0 0.178125 0.62578125 0.0515625 0.0796875
0 0.4671875 0.45390625 0.0484375 0.05625
0 0.67890625 0.4234375 0.04375 0.0296875
0 0.859375 0.428125 0.025 0.0453125
0 0.95390625 0.39140625 0.0703125 0.04375
0 0.78515625 0.41484375 0.0328125 0.05625
0 0.28125 0.4265625 0.0515625 0.0390625
0 0.25234375 0.36796875 0.03125 0.0359375
0 0.171875 0.43203125 0.0421875 0.04375
0 0.05703125 0.4078125 0.0421875 0.05625
0 0.01875 0.4328125 0.025 0.0453125
0 0.14375 0.40859375 0.0515625 0.0296875