0 0.1953125 0.06796875 0.15 0.1359375
0 0.82734375 0.20234375 0.1125 0.1390625
0 0.30390625 0.24296875 0.125 0.1203125
0 0.95390625 0.3171875 0.0875 0.0875
0 0.47265625 0.2703125 0.121875 0.1171875
0 0.2078125 0.49765625 0.090625 0.096875
0 0.81875 0.625 0.1125 0.1046875
0 0.934375 0.5765625 0.10625 0.1203125
0 0.78671875 0.54765625 0.09375 0.1015625
0 0.61328125 0.36015625 0.1015625 0.1453125
0 0.321875 0.56875 0.0828125 0.090625
0 0.28671875 0.4625 0.0578125 0.0921875
0 0.59375 0.66953125 0.084375 0.11875
0 0.40703125 0.53203125 0.084375 0.1
0 0.35625 0.4625 0.0875 0.1203125
0 0.296875 0.34921875 0.11875 0.15
0 0.6125 0.5390625 0.0796875 0.0640625
0 0.60703125 0.4984375 0.1109375 0.078125
0 0.64140625 0.425 0.1109375 0.1046875
0 0.46640625 0.33359375 0.09375 0.1390625
0 0.4984375 0.40625 0.16875 0.16875
0 0.5578125 0.58125 0.103125 0.06875
0 0.51171875 0.53828125 0.084375 0.0984375