0 0.13822115384615385 0.11298076923076923 0.13461538461538464 0.12259615384615388
0 0.7824519230769231 0.15985576923076925 0.09615384615384617 0.1274038461538462
0 0.27043269230769235 0.27283653846153844 0.11057692307692309 0.10576923076923075
0 0.9242788461538461 0.2560096153846154 0.07692307692307701 0.07692307692307691
0 0.4411057692307693 0.2764423076923077 0.10817307692307696 0.10336538461538458
0 0.21033653846153846 0.5384615384615385 0.07932692307692309 0.0865384615384615
0 0.8329326923076923 0.5793269230769231 0.10096153846153841 0.09134615384615383
0 0.9411057692307694 0.515625 0.09134615384615401 0.10817307692307701
0 0.7908653846153847 0.5072115384615385 0.08173076923076925 0.09134615384615383
0 0.5925480769230769 0.34615384615384615 0.08413461538461534 0.13461538461538466
0 0.33293269230769235 0.5925480769230769 0.07211538461538458 0.08173076923076916
0 0.28365384615384615 0.49278846153846156 0.04567307692307691 0.0865384615384615
0 0.6165865384615385 0.6550480769230769 0.0697115384615385 0.11057692307692317
0 0.4122596153846154 0.5444711538461539 0.07211538461538462 0.09134615384615383
0 0.35216346153846156 0.4831730769230769 0.07211538461538458 0.11057692307692317
0 0.2776442307692308 0.3786057692307693 0.10096153846153841 0.13701923076923078
0 0.6165865384615385 0.5228365384615385 0.07211538461538466 0.055288461538461495
0 0.6057692307692308 0.4831730769230769 0.10336538461538466 0.06490384615384617
0 0.6298076923076923 0.40625 0.09855769230769233 0.09134615384615383
0 0.4435096153846154 0.3401442307692307 0.07692307692307701 0.1298076923076923
0 0.4855769230769231 0.4074519230769231 0.1490384615384615 0.1490384615384615
0 0.5685096153846154 0.5721153846153847 0.09615384615384617 0.055288461538461495
0 0.5168269230769231 0.5360576923076923 0.07211538461538466 0.08894230769230767