0 0.18870192307692307 0.12379807692307694 0.0408653846153846 0.0673076923076923
0 0.375 0.04086538461538462 0.07932692307692304 0.07932692307692309
0 0.8641826923076923 0.16466346153846154 0.03605769230769233 0.060096153846153834
0 0.967548076923077 0.265625 0.05769230769230767 0.033653846153846166
0 0.421875 0.18028846153846154 0.06730769230769233 0.060096153846153834
0 0.02764423076923077 0.40144230769230776 0.05288461538461538 0.08413461538461538
0 0.3389423076923077 0.6622596153846154 0.055288461538461585 0.07692307692307701
0 0.43389423076923084 0.546875 0.045673076923077004 0.04326923076923084
0 0.36177884615384615 0.36778846153846156 0.05769230769230767 0.04326923076923075
0 0.375 0.4362980769230769 0.04807692307692309 0.05288461538461533
0 0.3125 0.18509615384615385 0.060096153846153834 0.04086538461538462
0 0.4134615384615385 0.26802884615384615 0.05288461538461538 0.05288461538461542
0 0.36418269230769235 0.2608173076923077 0.04567307692307691 0.05048076923076925
0 0.296875 0.24158653846153846 0.04567307692307691 0.04086538461538458
0 0.3473557692307693 0.2139423076923077 0.038461538461538505 0.033653846153846166
0 0.45793269230769235 0.40384615384615385 0.048076923076922996 0.03605769230769233
0 0.46634615384615385 0.43509615384615385 0.04086538461538467 0.04086538461538467
0 0.6274038461538461 0.5024038461538461 0.038461538461538505 0.04326923076923084
0 0.703125 0.5889423076923077 0.09615384615384617 0.055288461538461495
0 0.8846153846153847 0.5276442307692308 0.04326923076923066 0.08413461538461534
0 0.795673076923077 0.5396634615384616 0.11057692307692299 0.04326923076923084
0 0.8858173076923077 0.6201923076923077 0.0625 0.04326923076923084
0 0.9603365384615385 0.6995192307692308 0.045673076923077004 0.09615384615384617
0 0.8834134615384617 0.9411057692307694 0.05769230769230767 0.11057692307692299
0 0.47956730769230776 0.951923076923077 0.038461538461538505 0.05048076923076934
0 0.389423076923077 0.9314903846153847 0.09375000000000004 0.055288461538461675
0 0.21274038461538464 0.9158653846153847 0.03125 0.038461538461538325
0 0.03485576923076923 0.8028846153846155 0.031249999999999993 0.055288461538461585
0 0.5769230769230769 0.6081730769230769 0.04326923076923084 0.038461538461538505
0 0.6033653846153847 0.6502403846153847 0.038461538461538505 0.05769230769230767
0 0.8353365384615385 0.716346153846154 0.02884615384615401 0.055288461538461495
0 0.09855769230769232 0.8449519230769231 0.024038461538461543 0.02884615384615401
0 0.052884615384615384 0.8473557692307694 0.03605769230769231 0.03125
0 0.030048076923076927 0.8701923076923077 0.014423076923076927 0.03605769230769233
0 0.15865384615384617 0.826923076923077 0.021634615384615374 0.05288461538461533
0 0.34615384615384615 0.8197115384615385 0.026442307692307664 0.026442307692307664
0 0.18149038461538464 0.8413461538461539 0.021634615384615374 0.02884615384615401
0 0.22716346153846154 0.8161057692307694 0.03125 0.038461538461538415
0 0.8834134615384617 0.78125 0.026442307692307664 0.038461538461538415
0 0.8701923076923077 0.8088942307692308 0.014423076923077005 0.05288461538461533
0 0.8221153846153847 0.7692307692307693 0.026442307692307664 0.048076923076922996
0 0.7932692307692308 0.7439903846153847 0.03125 0.048076923076922996
0 0.6742788461538461 0.6502403846153847 0.02163461538461533 0.048076923076922996
0 0.32091346153846156 0.7920673076923077 0.04807692307692309 0.038461538461538505
0 0.7127403846153847 0.6814903846153847 0.016826923076922996 0.07451923076923084
0 0.3810096153846154 0.778846153846154 0.026442307692307664 0.028846153846153834
0 0.6358173076923077 0.748798076923077 0.016826923076922996 0.060096153846153834
0 0.6586538461538461 0.6971153846153847 0.03125 0.048076923076922996
0 0.5841346153846154 0.7620192307692308 0.024038461538461498 0.048076923076922996
0 0.6153846153846154 0.7067307692307693 0.016826923076922996 0.028846153846153834
0 0.5925480769230769 0.7211538461538461 0.019230769230769162 0.04086538461538467
0 0.5516826923076923 0.71875 0.016826923076922996 0.04086538461538467
0 0.5360576923076923 0.7259615384615385 0.014423076923077005 0.04086538461538467
0 0.5132211538461539 0.747596153846154 0.019230769230769162 0.048076923076922996
0 0.5036057692307693 0.7836538461538461 0.024038461538461498 0.028846153846153834
0 0.4915865384615385 0.747596153846154 0.00961538461538467 0.038461538461538505
0 0.41466346153846156 0.7728365384615385 0.026442307692307664 0.04326923076923084
0 0.46514423076923084 0.7524038461538461 0.019230769230769162 0.024038461538461498
0 0.4447115384615385 0.7668269230769231 0.024038461538461498 0.028846153846153834