0 0.16586538461538464 0.28966346153846156 0.08413461538461539 0.10576923076923075
0 0.389423076923077 0.28846153846153844 0.10096153846153841 0.07692307692307691
0 0.716346153846154 0.31971153846153844 0.10817307692307701 0.125
0 0.5564903846153847 0.3317307692307693 0.1009615384615385 0.1177884615384615
0 0.4915865384615385 0.3942307692307693 0.0697115384615385 0.1322115384615385
0 0.685096153846154 0.44831730769230776 0.10817307692307701 0.1057692307692308
0 0.7992788461538461 0.6466346153846154 0.08894230769230767 0.0865384615384615
0 0.8762019230769231 0.578125 0.08173076923076934 0.09855769230769233
0 0.748798076923077 0.5769230769230769 0.08894230769230767 0.0697115384615385
0 0.8088942307692308 0.5516826923076923 0.07451923076923075 0.09375
0 0.6298076923076923 0.7067307692307693 0.07211538461538466 0.06490384615384617
0 0.6742788461538461 0.6490384615384616 0.045673076923077004 0.04326923076923084
0 0.6370192307692308 0.638221153846154 0.05048076923076916 0.060096153846153834
0 0.13461538461538464 0.44951923076923084 0.0625 0.1129807692307692
0 0.3762019230769231 0.46394230769230776 0.0697115384615385 0.11057692307692317
0 0.3028846153846154 0.5108173076923077 0.08173076923076925 0.1177884615384615
0 0.22355769230769235 0.3978365384615385 0.10817307692307691 0.14182692307692304
0 0.5733173076923077 0.46153846153846156 0.09134615384615383 0.11538461538461534
0 0.9819711538461539 0.2451923076923077 0.03605769230769233 0.10576923076923075
0 0.5661057692307693 0.575721153846154 0.06490384615384617 0.08413461538461534
0 0.27283653846153844 0.6418269230769231 0.0697115384615385 0.05288461538461533
0 0.5625 0.6778846153846154 0.07451923076923084 0.05048076923076916
0 0.4375 0.6334134615384616 0.048076923076922996 0.060096153846153834
0 0.342548076923077 0.622596153846154 0.060096153846153834 0.10576923076923084
0 0.39543269230769235 0.6550480769230769 0.043269230769230796 0.05288461538461533
0 0.44951923076923084 0.5120192307692308 0.08894230769230767 0.125
0 0.49278846153846156 0.6045673076923077 0.06730769230769233 0.14423076923076916