0 0.215625 0.103125 0.0453125 0.0703125
0 0.40625 0.0375 0.084375 0.075
0 0.88671875 0.190625 0.040625 0.0625
0 0.9765625 0.2984375 0.046875 0.0375
0 0.44453125 0.17578125 0.071875 0.0640625
0 0.0359375 0.36875 0.059375 0.0875
0 0.328125 0.65078125 0.0609375 0.08125
0 0.43046875 0.5421875 0.0484375 0.046875
0 0.37109375 0.35859375 0.0609375 0.046875
0 0.3796875 0.42734375 0.0515625 0.05625
0 0.33515625 0.17265625 0.0625 0.0453125
0 0.4296875 0.2625 0.05625 0.05625
0 0.38125 0.2515625 0.0484375 0.053125
0 0.315625 0.228125 0.0484375 0.04375
0 0.36796875 0.20390625 0.040625 0.0359375
0 0.46484375 0.40078125 0.05 0.0390625
0 0.47109375 0.4328125 0.04375 0.04375
0 0.6265625 0.5109375 0.040625 0.0453125
0 0.69609375 0.603125 0.1 0.0625
0 0.88203125 0.5546875 0.0484375 0.0875
0 0.7921875 0.56015625 0.1140625 0.0515625
0 0.8765625 0.646875 0.065625 0.046875
0 0.9453125 0.73125 0.0515625 0.0984375
0 0.8515625 0.9546875 0.065625 0.090625
0 0.4484375 0.94921875 0.0421875 0.053125
0 0.359375 0.92265625 0.096875 0.0609375
0 0.184375 0.89453125 0.034375 0.040625
0 0.015625 0.76953125 0.03125 0.0578125
0 0.56953125 0.61328125 0.0453125 0.040625
0 0.59296875 0.65703125 0.0421875 0.0609375
0 0.81953125 0.7390625 0.0328125 0.0578125
0 0.07578125 0.81640625 0.0265625 0.0296875
0 0.0296875 0.815625 0.0375 0.034375
0 0.00703125 0.8359375 0.0140625 0.0375
0 0.13671875 0.80234375 0.025 0.0546875
0 0.32421875 0.8078125 0.028125 0.028125
0 0.15859375 0.81796875 0.0234375 0.0296875
0 0.20546875 0.79609375 0.034375 0.040625
0 0.8625 0.80703125 0.0296875 0.040625
0 0.84765625 0.83359375 0.01875 0.053125
0 0.80234375 0.79140625 0.0296875 0.05
0 0.77578125 0.7640625 0.034375 0.05
0 0.66328125 0.66171875 0.025 0.05
0 0.30078125 0.77890625 0.05 0.0421875
0 0.69921875 0.69609375 0.021875 0.075
0 0.36171875 0.76953125 0.028125 0.03125
0 0.61796875 0.7578125 0.0203125 0.0609375
0 0.64453125 0.7078125 0.034375 0.05
0 0.565625 0.7671875 0.0265625 0.05
0 0.60078125 0.7140625 0.01875 0.0296875
0 0.5765625 0.72734375 0.021875 0.0421875
0 0.5359375 0.721875 0.0203125 0.0421875
0 0.5203125 0.728125 0.0171875 0.0421875
0 0.49609375 0.74765625 0.021875 0.05
0 0.48359375 0.78359375 0.0265625 0.0296875
0 0.47421875 0.74609375 0.0125 0.0390625
0 0.39609375 0.76640625 0.0296875 0.0453125
0 0.44765625 0.74921875 0.0203125 0.025
0 0.4265625 0.7625 0.0265625 0.0296875