0 0.4543269230769231 0.45072115384615385 0.05048076923076916 0.055288461538461495
0 0.6334134615384616 0.5673076923076923 0.0625 0.07451923076923084
0 0.7704326923076923 0.4603365384615385 0.05048076923076916 0.03605769230769233
0 0.7067307692307693 0.41947115384615385 0.03125 0.04086538461538462
0 0.8245192307692308 0.4122596153846154 0.03125 0.060096153846153834
0 0.9242788461538461 0.40865384615384615 0.04086538461538467 0.04567307692307696
0 0.20072115384615388 0.3762019230769231 0.03846153846153848 0.03605769230769233
0 0.10456730769230768 0.43028846153846156 0.036057692307692304 0.033653846153846166
0 0.07211538461538461 0.41105769230769235 0.045673076923076934 0.04567307692307696
0 0.11538461538461539 0.6298076923076923 0.06490384615384617 0.07211538461538466
0 0.3088942307692308 0.609375 0.08173076923076925 0.038461538461538505
0 0.171875 0.8365384615384615 0.05288461538461538 0.12980769230769235
0 0.22716346153846154 0.421875 0.05769230769230769 0.04326923076923084