0 0.0625 0.42668269230769235 0.03125 0.060096153846153834
0 0.09855769230769232 0.44831730769230776 0.0264423076923077 0.07451923076923084
0 0.24158653846153846 0.41466346153846156 0.05048076923076925 0.0745192307692308
0 0.65625 0.578125 0.0697115384615385 0.09134615384615383
0 0.748798076923077 0.32091346153846156 0.028846153846153834 0.05288461538461542
0 0.6766826923076923 0.18990384615384617 0.03125 0.03125
0 0.6322115384615385 0.342548076923077 0.048076923076922996 0.04807692307692309
0 0.6935096153846154 0.33533653846153844 0.05048076923076916 0.055288461538461585
0 0.5048076923076923 0.37019230769230765 0.09134615384615383 0.06490384615384612
0 0.5685096153846154 0.3341346153846154 0.024038461538461498 0.05288461538461542
0 0.4026442307692307 0.41706730769230776 0.050480769230769204 0.06490384615384617
0 0.33533653846153844 0.39543269230769235 0.04326923076923075 0.06490384615384617
0 0.29086538461538464 0.41947115384615385 0.02163461538461542 0.0745192307692308
0 0.38341346153846156 0.3822115384615385 0.04326923076923075 0.050480769230769204