0 0.21953125 0.115625 0.1453125 0.140625
0 0.6015625 0.13515625 0.1546875 0.2203125
0 0.7046875 0.4515625 0.1828125 0.2421875
0 0.92421875 0.66015625 0.14375 0.2625
0 0.7578125 0.8625 0.1109375 0.11875
0 0.57734375 0.6671875 0.1640625 0.171875
0 0.49921875 0.3609375 0.1671875 0.1640625
0 0.34296875 0.3078125 0.1328125 0.096875
0 0.278125 0.45546875 0.178125 0.15625
0 0.11875 0.46171875 0.1453125 0.1125
0 0.35546875 0.678125 0.109375 0.0859375
0 0.3140625 0.76484375 0.1703125 0.13125
0 0.7640625 0.2984375 0.1265625 0.1421875