0 0.5877403846153847 0.17067307692307693 0.038461538461538505 0.043269230769230796
0 0.6598557692307693 0.39543269230769235 0.03605769230769233 0.024038461538461498
0 0.828125 0.5072115384615385 0.038461538461538325 0.03605769230769233
0 0.8161057692307694 0.5384615384615385 0.033653846153846076 0.04086538461538467
0 0.7415865384615385 0.6262019230769231 0.03125 0.055288461538461495
0 0.685096153846154 0.7860576923076923 0.033653846153846166 0.05288461538461533
0 0.7115384615384616 0.9471153846153847 0.03605769230769233 0.04086538461538467
0 0.46394230769230776 0.9543269230769231 0.033653846153846166 0.01923076923076934
0 0.375 0.30168269230769235 0.03605769230769233 0.04326923076923075
0 0.4603365384615385 0.47355769230769235 0.028846153846153834 0.026442307692307664
0 0.018028846153846152 0.4855769230769231 0.036057692307692304 0.04326923076923084
0 0.13341346153846154 0.5324519230769231 0.03605769230769229 0.04086538461538467
0 0.2824519230769231 0.4314903846153847 0.028846153846153834 0.03605769230769233
0 0.25961538461538464 0.4627403846153847 0.04326923076923075 0.04326923076923084
0 0.4375 0.5192307692307693 0.04086538461538467 0.033653846153846166
0 0.5889423076923077 0.7536057692307693 0.03605769230769233 0.048076923076922996
0 0.48918269230769235 0.560096153846154 0.038461538461538505 0.03605769230769233
0 0.34615384615384615 0.5072115384615385 0.04086538461538458 0.038461538461538505
0 0.311298076923077 0.48677884615384615 0.026442307692307664 0.033653846153846166
0 0.47716346153846156 0.686298076923077 0.028846153846153834 0.028846153846153834
0 0.4723557692307693 0.7836538461538461 0.026442307692307664 0.028846153846153834
0 0.20072115384615388 0.6526442307692308 0.03846153846153848 0.02163461538461533
0 0.36177884615384615 0.6237980769230769 0.03125 0.033653846153846166
0 0.16466346153846154 0.733173076923077 0.03605769230769229 0.038461538461538505
0 0.038461538461538464 0.7379807692307693 0.03846153846153847 0.028846153846153834
0 0.022836538461538464 0.9122596153846155 0.04567307692307693 0.06009615384615401
0 0.11778846153846154 0.9711538461538461 0.028846153846153834 0.03125
0 0.13822115384615385 0.8798076923076923 0.04086538461538462 0.055288461538461675
0 0.08293269230769232 0.6706730769230769 0.04567307692307691 0.048076923076922996
0 0.09495192307692309 0.6995192307692308 0.03846153846153846 0.04086538461538467
0 0.35697115384615385 0.6754807692307693 0.03605769230769233 0.02163461538461533
0 0.28966346153846156 0.7439903846153847 0.038461538461538505 0.04086538461538467
0 0.22836538461538464 0.873798076923077 0.03125 0.03365384615384599
0 0.18990384615384617 0.9002403846153847 0.0408653846153846 0.0625
0 0.3293269230769231 0.9074519230769231 0.04086538461538458 0.05769230769230767
0 0.33533653846153844 0.7211538461538461 0.038461538461538505 0.02163461538461533
0 0.40384615384615385 0.859375 0.03125 0.02163461538461533
0 0.33774038461538464 0.8149038461538461 0.04086538461538458 0.045673076923077004
0 0.33293269230769235 0.7463942307692308 0.04086538461538458 0.038461538461538505
0 0.38822115384615385 0.8317307692307694 0.03605769230769229 0.038461538461538325
0 0.33653846153846156 0.8605769230769231 0.028846153846153834 0.02163461538461533