0 0.40625 0.171875 0.0390625 0.04375
0 0.33828125 0.3984375 0.0359375 0.025
0 0.171875 0.51328125 0.0390625 0.0375
0 0.184375 0.54375 0.034375 0.0421875
0 0.2609375 0.63046875 0.0328125 0.05625
0 0.3203125 0.7890625 0.034375 0.053125
0 0.29609375 0.95078125 0.0375 0.0421875
0 0.54375 0.95390625 0.034375 0.0203125
0 0.621875 0.29921875 0.0375 0.04375
0 0.5390625 0.47265625 0.0296875 0.0265625
0 0.98125 0.4765625 0.0375 0.04375
0 0.8671875 0.52578125 0.0375 0.0421875
0 0.71640625 0.42734375 0.0296875 0.0359375
0 0.73984375 0.45859375 0.04375 0.04375
0 0.5625 0.51796875 0.0421875 0.034375
0 0.415625 0.75546875 0.0375 0.0484375
0 0.51171875 0.56015625 0.0390625 0.0375
0 0.65390625 0.5046875 0.0421875 0.0390625
0 0.68828125 0.48359375 0.0265625 0.034375
0 0.52578125 0.6859375 0.0296875 0.0296875
0 0.5328125 0.7828125 0.0265625 0.0296875
0 0.8015625 0.64765625 0.0390625 0.021875
0 0.640625 0.62109375 0.03125 0.034375
0 0.8390625 0.72734375 0.0375 0.0390625
0 0.965625 0.7296875 0.0390625 0.0296875
0 0.98046875 0.90390625 0.0390625 0.0609375
0 0.890625 0.9640625 0.0296875 0.03125
0 0.86796875 0.8734375 0.0421875 0.05625
0 0.9203125 0.66328125 0.046875 0.0484375
0 0.90859375 0.6921875 0.0390625 0.0421875
0 0.64609375 0.67265625 0.0359375 0.021875
0 0.71484375 0.740625 0.0390625 0.0421875
0 0.778125 0.86875 0.03125 0.034375
0 0.8171875 0.89453125 0.0421875 0.0625
0 0.678125 0.9046875 0.0421875 0.0578125
0 0.66875 0.71796875 0.0390625 0.021875
0 0.60234375 0.8578125 0.03125 0.021875
0 0.66796875 0.81171875 0.0421875 0.046875
0 0.67109375 0.74375 0.0421875 0.0390625
0 0.6171875 0.8296875 0.0375 0.0390625
0 0.66953125 0.8578125 0.0296875 0.021875