0 0.2848557692307693 0.2644230769230769 0.03125 0.04086538461538458
0 0.6983173076923077 0.13942307692307693 0.05048076923076916 0.04086538461538462
0 0.5552884615384616 0.23677884615384617 0.04326923076923084 0.024038461538461498
0 0.4567307692307693 0.2608173076923077 0.048076923076922996 0.04326923076923075
0 0.4206730769230769 0.3497596153846154 0.04807692307692304 0.038461538461538505
0 0.3557692307692308 0.4747596153846154 0.05769230769230767 0.04326923076923084
0 0.2644230769230769 0.5889423076923077 0.04086538461538458 0.026442307692307664
0 0.36418269230769235 0.8161057692307694 0.026442307692307664 0.02163461538461533
0 0.8185096153846155 0.9110576923076923 0.02884615384615401 0.02884615384615401
0 0.5661057692307693 0.6033653846153847 0.04326923076923084 0.03125
0 0.4939903846153847 0.6610576923076923 0.033653846153846166 0.04086538461538467
0 0.41466346153846156 0.6117788461538461 0.050480769230769204 0.03605769230769233
0 0.42668269230769235 0.575721153846154 0.04326923076923084 0.038461538461538505
0 0.4747596153846154 0.59375 0.038461538461538505 0.028846153846153834
0 0.4939903846153847 0.6153846153846154 0.048076923076922996 0.016826923076922996