0 0.38359375 0.21484375 0.0546875 0.040625
0 0.38046875 0.25625 0.0609375 0.034375
0 0.384375 0.32265625 0.0546875 0.0296875
0 0.2609375 0.87734375 0.040625 0.0328125
0 0.34140625 0.85546875 0.05 0.03125
0 0.425 0.8375 0.053125 0.0359375
0 0.5171875 0.81953125 0.0484375 0.03125
0 0.60546875 0.79296875 0.059375 0.0296875
0 0.6859375 0.78515625 0.040625 0.0328125
0 0.79375 0.7546875 0.040625 0.0328125
0 0.890625 0.7515625 0.0296875 0.0390625
0 0.32734375 0.8 0.034375 0.0375
0 0.36484375 0.73828125 0.040625 0.0328125
0 0.41328125 0.36015625 0.0453125 0.03125
0 0.421875 0.41171875 0.03125 0.0265625
0 0.4265625 0.3796875 0.0359375 0.028125
0 0.4171875 0.4453125 0.0375 0.034375
0 0.40859375 0.48671875 0.0328125 0.025
0 0.38984375 0.528125 0.05625 0.0390625
0 0.38984375 0.684375 0.0453125 0.0328125
0 0.3578125 0.65703125 0.040625 0.0296875
0 0.365625 0.62734375 0.0546875 0.03125
0 0.38828125 0.56328125 0.040625 0.0296875