0 0.6875 0.06171875 0.0875 0.0703125
0 0.440625 0.06953125 0.1078125 0.0828125
0 0.4546875 0.16015625 0.109375 0.109375
0 0.48984375 0.253125 0.084375 0.084375
0 0.58046875 0.253125 0.0671875 0.0765625
0 0.70234375 0.38046875 0.0875 0.0890625
0 0.503125 0.38359375 0.1 0.0609375
0 0.60625 0.40234375 0.08125 0.0796875
0 0.61953125 0.54140625 0.071875 0.0609375
0 0.5390625 0.57734375 0.071875 0.0640625
0 0.63046875 0.61640625 0.084375 0.065625
0 0.54609375 0.665625 0.0640625 0.0390625
0 0.51875 0.71171875 0.0703125 0.06875
0 0.72265625 0.7375 0.0890625 0.0734375
0 0.6484375 0.77421875 0.05625 0.1015625
0 0.7359375 0.88359375 0.075 0.071875
0 0.575 0.87109375 0.0859375 0.0421875
0 0.571875 0.92265625 0.059375 0.0546875
0 0.5890625 0.97109375 0.0515625 0.0484375