0 0.22235576923076925 0.8401442307692308 0.05048076923076925 0.10576923076923075
0 0.6189903846153847 0.5697115384615385 0.05769230769230767 0.060096153846153834
0 0.7379807692307693 0.46394230769230776 0.045673076923077004 0.028846153846153834
0 0.34134615384615385 0.6141826923076923 0.07211538461538458 0.05288461538461533
0 0.18028846153846154 0.6310096153846154 0.05048076923076925 0.07932692307692317
0 0.46634615384615385 0.4543269230769231 0.048076923076922996 0.055288461538461495
0 0.6778846153846154 0.4206730769230769 0.04326923076923084 0.028846153846153834
0 0.858173076923077 0.421875 0.024038461538461675 0.04567307692307696
0 0.951923076923077 0.38341346153846156 0.06971153846153832 0.04326923076923075
0 0.7836538461538461 0.4098557692307693 0.03125 0.055288461538461495
0 0.280048076923077 0.43028846153846156 0.05048076923076925 0.038461538461538505
0 0.25 0.37259615384615385 0.03125 0.03605769230769233
0 0.17067307692307693 0.4375 0.04086538461538462 0.04326923076923084
0 0.05528846153846154 0.4158653846153847 0.04086538461538462 0.055288461538461495
0 0.018028846153846152 0.4411057692307693 0.024038461538461536 0.045673076923077004
0 0.14182692307692307 0.41466346153846156 0.05048076923076925 0.028846153846153834