1 0.65 0.52890625 0.665625 0.3046875
1 0.86796875 0.13203125 0.2234375 0.2140625
1 0.37890625 0.87890625 0.2203125 0.15
1 0.375 0.1390625 0.234375 0.20625
1 0.63046875 0.15078125 0.2171875 0.19375
1 0.60859375 0.86484375 0.2296875 0.225
1 0.13515625 0.12421875 0.2375 0.23125
1 0.14453125 0.89453125 0.190625 0.1484375
1 0.25546875 0.48125 0.4890625 0.365625
1 0.128125 0.83828125 0.2234375 0.1203125
1 0.9109375 0.9109375 0.1359375 0.1625
1 0.06953125 0.1453125 0.1046875 0.1828125
1 0.803125 0.88984375 0.0984375 0.1390625
1 0.8671875 0.8765625 0.225 0.16875
1 0.6328125 0.0796875 0.240625 0.134375
1 0.1875 0.0546875 0.1328125 0.096875
1 0.9078125 0.853125 0.1421875 0.1203125