1 0.65078125 0.5265625 0.6609375 0.29375
1 0.86171875 0.12578125 0.2203125 0.2109375
1 0.38515625 0.88125 0.2171875 0.146875
1 0.36875 0.14140625 0.23125 0.2015625
1 0.62421875 0.1484375 0.2140625 0.190625
1 0.61484375 0.86328125 0.2265625 0.2203125
1 0.12890625 0.13046875 0.2328125 0.2265625
1 0.1515625 0.90078125 0.1875 0.1453125
1 0.25546875 0.48515625 0.4828125 0.3578125
1 0.134375 0.84453125 0.221875 0.1171875
1 0.91796875 0.90390625 0.1328125 0.1609375
1 0.06328125 0.153125 0.1015625 0.18125
1 0.81015625 0.884375 0.0953125 0.1375
1 0.8734375 0.8703125 0.221875 0.165625
1 0.62578125 0.07734375 0.2390625 0.1296875
1 0.1796875 0.06015625 0.13125 0.0953125
1 0.9140625 0.84609375 0.140625 0.1171875