1 0.13229166666666664 0.2516069788797061 0.2645833333333333 0.5032139577594122
1 0.04921875 0.5114784205693297 0.0984375 0.15794306703397606
1 0.18020833333333333 0.39807162534435264 0.21041666666666664 0.20844811753902656
1 0.33984375 0.30073461891643705 0.20520833333333327 0.21763085399449036
1 0.31666666666666665 0.1721763085399449 0.1635416666666667 0.15702479338842976
1 0.4390625 0.19972451790633608 0.1416666666666666 0.1772268135904499
1 0.5979166666666667 0.23737373737373735 0.1760416666666666 0.34618916437098257
1 0.6981770833333333 0.23002754820936638 0.3348958333333334 0.46005509641873277
1 0.8723958333333333 0.11294765840220386 0.2552083333333332 0.22589531680440772
1 0.25494791666666666 0.756198347107438 0.5098958333333333 0.3314967860422406
1 0.5875 0.647842056932966 0.1552083333333334 0.11478420569329666