1 0.1375 0.24380165289256198 0.275 0.48760330578512395
1 0.05 0.4834710743801653 0.1 0.162534435261708
1 0.18203125 0.3787878787878788 0.2140625 0.22038567493112948
1 0.34375 0.290633608815427 0.209375 0.23140495867768596
1 0.3234375 0.16115702479338842 0.1671875 0.16804407713498623
1 0.4453125 0.19559228650137742 0.1453125 0.18457300275482094
1 0.603125 0.24380165289256198 0.1828125 0.3581267217630854
1 0.703125 0.24242424242424243 0.34375 0.4793388429752066
1 0.875 0.1349862258953168 0.25 0.24242424242424243
1 0.25390625 0.7410468319559229 0.5078125 0.36363636363636365
1 0.584375 0.6528925619834711 0.1578125 0.12396694214876033