1 0.92109375 0.5180555555555556 0.14375 0.1763888888888889
1 0.726953125 0.5159722222222223 0.109375 0.12083333333333333
1 0.613671875 0.5180555555555556 0.12265625 0.15
1 0.46015625 0.50625 0.10546875 0.13333333333333333
1 0.30703125 0.5159722222222223 0.06875 0.0875
1 0.280078125 0.5076388888888889 0.05703125 0.1
1 0.237109375 0.5034722222222222 0.03671875 0.0875
1 0.2 0.5125 0.0671875 0.08611111111111111
1 0.150390625 0.5138888888888888 0.05390625 0.08333333333333333
1 0.080078125 0.5368055555555555 0.06875 0.10972222222222222
1 0.04609375 0.5159722222222223 0.06328125 0.0875