1 0.91953125 0.44027777777777777 0.153125 0.20277777777777778
1 0.7265625 0.4736111111111111 0.115625 0.14166666666666666
1 0.6140625 0.49722222222222223 0.13125 0.17222222222222222
1 0.4609375 0.5138888888888888 0.1125 0.1527777777777778
1 0.309375 0.5513888888888889 0.0734375 0.1
1 0.28203125 0.5486111111111112 0.0625 0.1111111111111111
1 0.2390625 0.5527777777777778 0.0421875 0.09444444444444444
1 0.20234375 0.5680555555555555 0.071875 0.09722222222222222
1 0.153125 0.5791666666666667 0.0578125 0.09166666666666666
1 0.084375 0.6152777777777778 0.075 0.12222222222222222
1 0.04921875 0.6 0.06875 0.1