1 0.46547884187082406 0.10859375 0.32962138084632514 0.2171875
1 0.5300668151447662 0.27265625 0.29175946547884185 0.1703125
1 0.4922048997772829 0.4453125 0.267260579064588 0.1796875
1 0.5111358574610245 0.609375 0.23385300668151449 0.184375
1 0.2583518930957684 0.071875 0.22939866369710468 0.1234375
1 0.2795100222717149 0.22265625 0.19821826280623608 0.11875
1 0.24832962138084633 0.44921875 0.24276169265033407 0.134375
1 0.3106904231625835 0.5515625 0.2516703786191537 0.1703125
1 0.3986636971046771 0.7703125 0.2383073496659243 0.1234375
1 0.2951002227171492 0.8296875 0.33853006681514475 0.159375
1 0.30734966592427615 0.94765625 0.24944320712694878 0.1046875