1 0.13059701492537312 0.47374463713819565 0.2014925373134328 0.17402864221403105
1 0.05783582089552238 0.6767780530545652 0.11567164179104476 0.22236993171792863
1 0.22574626865671638 0.6695268596289805 0.21268656716417905 0.2562088343706568
1 0.41044776119402987 0.40123270288234936 0.15671641791044771 0.12568735271013348
1 0.45335820895522383 0.5559248292948215 0.15298507462686567 0.1450238685116926
1 0.42164179104477606 0.6695268596289805 0.1641791044776119 0.17886277116442076
1 0.6138059701492538 0.5752613450963804 0.16044776119402987 0.23203818961870806
1 0.6361940298507462 0.40364976735754426 0.1455223880597014 0.18853102906520033
1 0.710820895522388 0.4954982174149495 0.10074626865671643 0.17886277116442076
1 0.8078358208955223 0.5438395069188471 0.11567164179104479 0.16919451326364132
1 0.8582089552238805 0.3166354462505287 0.16417910447761203 0.16919451326364132
1 0.9291044776119403 0.23445525409390292 0.11940298507462685 0.1498579974620823
1 0.919776119402985 0.48099583056378026 0.13059701492537315 0.19819928696597977
1 0.7462686567164178 0.28279654359780043 0.1343283582089551 0.1498579974620823