1 0.4736988041251867 0.10341365461847389 0.3005339844902998 0.20682730923694778
1 0.43648983461686386 0.2761044176706827 0.27191170025312833 0.15060240963855423
1 0.499458859938641 0.4447791164658635 0.2432894160159569 0.16265060240963858
1 0.5051833167860753 0.6094377510040161 0.20894267493135119 0.17068273092369476
1 0.6769170222091037 0.05622489959839357 0.21466713177878546 0.10843373493975902
1 0.6783481364209621 0.20783132530120482 0.183182619117897 0.10642570281124497
1 0.7427482759545979 0.4307228915662651 0.2261160454736541 0.11847389558232937
1 0.6955215069632651 0.5371485943775101 0.22897827389737127 0.1546184738955823
1 0.6411391669126394 0.7610441767068273 0.22325381704993694 0.10843373493975905
1 0.7527660754376079 0.8132530120481928 0.32056958345631964 0.13654618473895574
1 0.7584905322850422 0.9377510040160641 0.23470273074480563 0.10040160642570264