1 0.8671875 0.4402834008097166 0.2109375 0.19230769230769232
1 0.94296875 0.6366396761133604 0.1140625 0.23279352226720648
1 0.7828125 0.6447368421052632 0.2265625 0.27530364372469635
1 0.584375 0.3937246963562753 0.1625 0.1396761133603239
1 0.54921875 0.5516194331983806 0.1609375 0.15789473684210525
1 0.5875 0.6619433198380567 0.1734375 0.19230769230769232
1 0.390625 0.5850202429149798 0.171875 0.24696356275303644
1 0.35859375 0.4159919028340081 0.1546875 0.20040485829959515
1 0.2890625 0.5141700404858299 0.109375 0.1882591093117409
1 0.1953125 0.5718623481781376 0.125 0.18016194331983806
1 0.1328125 0.3491902834008097 0.1734375 0.18421052631578946
1 0.06015625 0.2742914979757085 0.1203125 0.15991902834008098
1 0.08046875 0.5192307692307693 0.140625 0.21052631578947367
1 0.24296875 0.305668016194332 0.1421875 0.16194331983805668