1 0.06000000000000001 0.3420689655172414 0.12000000000000002 0.13977011494252875
1 0.14750000000000002 0.18758620689655175 0.09500000000000001 0.24275862068965515
1 0.05500000000000001 0.48183908045977014 0.11000000000000001 0.1839080459770115
1 0.0875 0.7135632183908047 0.10499999999999998 0.2795402298850575
1 0.32 0.5259770114942529 0.14000000000000004 0.16919540229885063
1 0.2575 0.27218390804597703 0.125 0.17655172413793105
1 0.4025 0.2501149425287357 0.20500000000000007 0.11770114942528732
1 0.41500000000000004 0.5554022988505748 0.11999999999999997 0.2280459770114943
1 0.385 0.7871264367816093 0.16000000000000006 0.2795402298850575
1 0.5175000000000001 0.8202298850574713 0.14499999999999993 0.2868965517241381
1 0.5700000000000001 0.5811494252873564 0.10999999999999996 0.20597701149425293
1 0.6525000000000001 0.5186206896551725 0.11500000000000003 0.24275862068965523
1 0.6775 0.1839080459770115 0.11500000000000003 0.1471264367816092
1 0.8375 0.19126436781609196 0.125 0.16183908045977013
1 0.7224999999999999 0.7245977011494253 0.15499999999999997 0.15448275862068975
1 0.805 0.6105747126436782 0.06000000000000005 0.16183908045977005
1 0.865 0.45977011494252873 0.08000000000000007 0.19862068965517235
1 0.9525 0.42298850574712643 0.06499999999999986 0.24275862068965523
1 0.9125 0.6436781609195402 0.10500000000000007 0.08091954022988516
1 0.8875 0.7724137931034483 0.125 0.08827586206896547
1 0.85 0.8864367816091955 0.15 0.12505747126436775
1 0.9650000000000001 0.7650574712643678 0.060000000000000143 0.13241379310344834