1 0.94140625 0.4091954022988506 0.1171875 0.15632183908045977
1 0.87265625 0.24367816091954023 0.1125 0.25517241379310346
1 0.94140625 0.5505747126436782 0.1171875 0.2
1 0.8953125 0.7758620689655172 0.125 0.2942528735632184
1 0.67734375 0.5540229885057472 0.1515625 0.19080459770114944
1 0.75703125 0.3103448275862069 0.1375 0.19540229885057472
1 0.61484375 0.26666666666666666 0.2125 0.14942528735632185
1 0.58046875 0.5678160919540229 0.1359375 0.24597701149425288
1 0.59375 0.803448275862069 0.1796875 0.30344827586206896
1 0.46015625 0.8160919540229885 0.1640625 0.3080459770114943
1 0.425 0.5701149425287356 0.1234375 0.2206896551724138
1 0.346875 0.4954022988505747 0.13125 0.2597701149425287
1 0.34609375 0.15862068965517243 0.125 0.1632183908045977
1 0.1859375 0.1413793103448276 0.1359375 0.1793103448275862
1 0.2625 0.6896551724137931 0.165625 0.17701149425287357
1 0.1890625 0.5632183908045977 0.071875 0.17011494252873563
1 0.13984375 0.40344827586206894 0.09375 0.20919540229885059
1 0.05546875 0.35402298850574715 0.08125 0.25057471264367814
1 0.0796875 0.5793103448275863 0.1109375 0.09655172413793103
1 0.0953125 0.7114942528735633 0.13125 0.10804597701149425
1 0.12421875 0.8310344827586207 0.1578125 0.1471264367816092
1 0.0265625 0.6908045977011494 0.053125 0.14022988505747128