1 0.5587529976019184 0.784375 0.5107913669064749 0.3078125
1 0.49160671462829736 0.62421875 0.2949640287769784 0.1328125
1 0.8381294964028777 0.5578125 0.15347721822541965 0.125
1 0.19184652278177458 0.45546875 0.18225419664268586 0.1140625
1 0.11031175059952038 0.6046875 0.22062350119904076 0.153125
1 0.7817745803357314 0.521875 0.2158273381294964 0.10625
1 0.40047961630695444 0.48125 0.16546762589928057 0.0953125
1 0.06594724220623502 0.51328125 0.11031175059952038 0.0828125
1 0.08393285371702638 0.7296875 0.16786570743405277 0.25625
1 0.11870503597122302 0.4640625 0.050359712230215826 0.03125
1 0.22302158273381295 0.4703125 0.07913669064748201 0.0859375
1 0.38489208633093525 0.74765625 0.4052757793764988 0.2515625
1 0.7781774580335732 0.4671875 0.09112709832134293 0.04375
1 0.6103117505995204 0.48359375 0.16546762589928057 0.1046875
1 0.02877697841726619 0.44609375 0.0407673860911271 0.0578125
1 0.5239808153477218 0.47890625 0.1366906474820144 0.0921875
1 0.9700239808153477 0.62734375 0.047961630695443645 0.1265625
1 0.09472422062350119 0.771875 0.1366906474820144 0.1734375
1 0.025179856115107913 0.61640625 0.050359712230215826 0.1203125