1 0.5816786570743405 0.782 0.4880575539568345 0.2920000000000001
1 0.5018705035971223 0.624 0.2854676258992806 0.12400000000000003
1 0.842589928057554 0.546 0.14426858513189442 0.11999999999999993
1 0.18877697841726618 0.466 0.17496402877697845 0.10800000000000001
1 0.11203836930455635 0.619 0.2240767386091127 0.1459999999999999
1 0.7827338129496404 0.512 0.20872901678657066 0.1
1 0.3990407673860911 0.48500000000000004 0.15961630695443646 0.09000000000000004
1 0.06752997601918466 0.528 0.10436450839328539 0.08000000000000007
1 0.0890167865707434 0.7449999999999999 0.1780335731414868 0.24999999999999992
1 0.11664268585131894 0.47700000000000004 0.0491127098321343 0.030000000000000072
1 0.2210071942446043 0.48 0.07366906474820144 0.08399999999999999
1 0.40517985611510793 0.751 0.3867625899280576 0.2379999999999999
1 0.7750599520383693 0.458 0.08901678657074341 0.040000000000000036
1 0.6093045563549161 0.48 0.15654676258992814 0.1
1 0.02455635491606715 0.462 0.036834532374100726 0.05600000000000005
1 0.5218225419664269 0.47800000000000004 0.12892086330935248 0.08800000000000008
1 0.9791846522781774 0.611 0.036834532374100754 0.12599999999999997
1 0.11664268585131894 0.7850000000000001 0.12278177458033576 0.17
1 0.027625899280575537 0.633 0.055251798561151075 0.11799999999999997