1 0.53984375 0.6375 0.1078125 0.20833333333333334
1 0.6875 0.6416666666666667 0.0625 0.21666666666666667
1 0.8328125 0.6180555555555556 0.05625 0.18611111111111112
1 0.875 0.5236111111111111 0.04375 0.07777777777777778
1 0.8453125 0.8402777777777778 0.2375 0.2916666666666667
1 0.25078125 0.7194444444444444 0.0828125 0.28055555555555556
1 0.0375 0.6833333333333333 0.071875 0.16944444444444445
1 0.09375 0.5888888888888889 0.040625 0.1111111111111111
1 0.425 0.5958333333333333 0.046875 0.14722222222222223
1 0.37890625 0.5291666666666667 0.0390625 0.10833333333333334
1 0.4578125 0.5194444444444445 0.109375 0.10833333333333334
1 0.20546875 0.55 0.03125 0.09722222222222222
1 0.03125 0.5444444444444444 0.0625 0.07222222222222222
1 0.9625 0.5277777777777778 0.0359375 0.09444444444444444
1 0.80859375 0.475 0.028125 0.058333333333333334
1 0.81796875 0.4361111111111111 0.0578125 0.058333333333333334
1 0.759375 0.5152777777777777 0.025 0.07777777777777778
1 0.73046875 0.48194444444444445 0.0234375 0.06111111111111111
1 0.6734375 0.5208333333333334 0.034375 0.06111111111111111
1 0.76796875 0.46805555555555556 0.021875 0.041666666666666664
1 0.63984375 0.45555555555555555 0.0125 0.03888888888888889
1 0.57109375 0.5388888888888889 0.0296875 0.09444444444444444
1 0.54296875 0.5041666666666667 0.028125 0.06111111111111111
1 0.48046875 0.45416666666666666 0.0265625 0.04722222222222222