1 0.334375 0.7555555555555555 0.09140625 0.15555555555555556
1 0.201953125 0.7645833333333333 0.08515625 0.14027777777777778
1 0.162109375 0.5881944444444445 0.06171875 0.08611111111111111
1 0.568359375 0.6583333333333333 0.0359375 0.10555555555555556
1 0.487109375 0.5270833333333333 0.025 0.06111111111111111
1 0.404296875 0.5138888888888888 0.028125 0.06527777777777778
1 0.357421875 0.4375 0.03984375 0.04027777777777778
1 0.49140625 0.4305555555555556 0.03203125 0.03888888888888889
1 0.589453125 0.4361111111111111 0.0359375 0.041666666666666664
1 0.963671875 0.5701388888888889 0.0328125 0.075
1 0.798828125 0.4791666666666667 0.021875 0.05