1 0.39375 0.5347222222222222 0.1421875 0.19166666666666668
1 0.53828125 0.65 0.15 0.18611111111111112
1 0.671875 0.6013888888888889 0.103125 0.12222222222222222
1 0.64375 0.5583333333333333 0.1140625 0.07222222222222222
1 0.53203125 0.5263888888888889 0.103125 0.12222222222222222
1 0.63359375 0.4388888888888889 0.059375 0.09722222222222222
1 0.6875 0.3972222222222222 0.0265625 0.075
1 0.5640625 0.37222222222222223 0.04375 0.09166666666666666
1 0.4171875 0.3625 0.05625 0.11388888888888889
1 0.34375 0.3125 0.0375 0.06111111111111111
1 0.09296875 0.4708333333333333 0.1859375 0.1361111111111111
1 0.07734375 0.5444444444444444 0.1546875 0.16666666666666666
1 0.10234375 0.6777777777777778 0.2046875 0.2777777777777778
1 0.13515625 0.7555555555555555 0.2578125 0.2861111111111111
1 0.221875 0.48194444444444445 0.1359375 0.1638888888888889
1 0.8578125 0.825 0.18125 0.2361111111111111
1 0.7828125 0.6902777777777778 0.0828125 0.1527777777777778
1 0.82734375 0.5777777777777777 0.1421875 0.15833333333333333
1 0.90234375 0.7361111111111112 0.1828125 0.2222222222222222
1 0.98046875 0.5597222222222222 0.0390625 0.11388888888888889
1 0.07109375 0.3611111111111111 0.134375 0.14722222222222223
1 0.46015625 0.38472222222222224 0.0484375 0.075
1 0.19375 0.3597222222222222 0.13125 0.1361111111111111
1 0.06796875 0.2902777777777778 0.11875 0.06111111111111111
1 0.2609375 0.2611111111111111 0.025 0.058333333333333334
1 0.390625 0.28055555555555556 0.034375 0.058333333333333334