1 0.39609375 0.5548611111111111 0.13359375 0.16805555555555557
1 0.546875 0.6416666666666667 0.14140625 0.1597222222222222
1 0.676953125 0.56875 0.096875 0.10416666666666667
1 0.646484375 0.53125 0.11171875 0.05277777777777778
1 0.533203125 0.5201388888888889 0.096875 0.10416666666666667
1 0.629296875 0.41388888888888886 0.05390625 0.08888888888888889
1 0.68046875 0.3625 0.021875 0.07222222222222222
1 0.55625 0.3611111111111111 0.03828125 0.08472222222222223
1 0.409765625 0.37916666666666665 0.05 0.10416666666666667
1 0.33359375 0.34305555555555556 0.034375 0.05555555555555555
1 0.0921875 0.5479166666666667 0.184375 0.10277777777777777
1 0.078515625 0.625 0.15703125 0.1375
1 0.105859375 0.7520833333333333 0.21171875 0.24027777777777778
1 0.151953125 0.8222222222222222 0.24453125 0.24166666666666667
1 0.222265625 0.5340277777777778 0.12890625 0.14027777777777778
1 0.874609375 0.7569444444444444 0.1703125 0.20694444444444443
1 0.792578125 0.6361111111111111 0.07578125 0.1388888888888889
1 0.830078125 0.5166666666666667 0.13515625 0.13333333333333333
1 0.913671875 0.6597222222222222 0.17265625 0.19027777777777777
1 0.982421875 0.47152777777777777 0.03515625 0.10833333333333334
1 0.065234375 0.4409722222222222 0.128125 0.12361111111111112
1 0.45390625 0.3923611111111111 0.0453125 0.06666666666666667
1 0.187109375 0.41805555555555557 0.12578125 0.1125
1 0.058203125 0.3715277777777778 0.11640625 0.03888888888888889
1 0.248046875 0.30694444444444446 0.021875 0.05416666666666667
1 0.378125 0.3020833333333333 0.03125 0.05277777777777778