1 0.725 0.7 0.21875 0.25
1 0.71484375 0.5763888888888888 0.1140625 0.10277777777777777
1 0.3296875 0.6902777777777778 0.1609375 0.33611111111111114
1 0.3125 0.4736111111111111 0.140625 0.17777777777777778
1 0.26171875 0.35694444444444445 0.08125 0.06666666666666667
1 0.521875 0.5097222222222222 0.125 0.14444444444444443
1 0.4375 0.43194444444444446 0.0734375 0.08055555555555556
1 0.31015625 0.33055555555555555 0.040625 0.058333333333333334
1 0.8625 0.5625 0.0609375 0.07777777777777778
1 0.65625 0.5069444444444444 0.0734375 0.08333333333333333
1 0.72265625 0.5180555555555556 0.06875 0.06944444444444445
1 0.7890625 0.5263888888888889 0.0359375 0.05555555555555555
1 0.80859375 0.5416666666666666 0.0296875 0.044444444444444446