1 0.353125 0.7888888888888889 0.1015625 0.175
1 0.22265625 0.8277777777777777 0.09375 0.15833333333333333
1 0.1703125 0.6611111111111111 0.0671875 0.1
1 0.57890625 0.6416666666666667 0.0421875 0.11388888888888889
1 0.4890625 0.5291666666666667 0.0296875 0.06666666666666667
1 0.40625 0.5347222222222222 0.0328125 0.07222222222222222
1 0.35390625 0.46944444444444444 0.0421875 0.04722222222222222
1 0.48671875 0.43333333333333335 0.034375 0.044444444444444446
1 0.584375 0.4166666666666667 0.0390625 0.05
1 0.96484375 0.46944444444444444 0.0375 0.08055555555555556
1 0.7953125 0.41388888888888886 0.025 0.05555555555555555