1 0.5375 0.6402777777777777 0.10390625 0.2013888888888889
1 0.684765625 0.6534722222222222 0.05859375 0.2125
1 0.830078125 0.6388888888888888 0.05234375 0.18333333333333332
1 0.87421875 0.5472222222222223 0.04296875 0.0763888888888889
1 0.83828125 0.8611111111111112 0.2328125 0.2777777777777778
1 0.246875 0.7034722222222223 0.078125 0.2763888888888889
1 0.034375 0.6548611111111111 0.06875 0.16527777777777777
1 0.0921875 0.5631944444444444 0.0390625 0.10972222222222222
1 0.4234375 0.5909722222222222 0.04375 0.14583333333333334
1 0.378515625 0.5222222222222223 0.03671875 0.10555555555555556
1 0.457421875 0.5173611111111112 0.10703125 0.10277777777777777
1 0.204296875 0.5319444444444444 0.0296875 0.09583333333333334
1 0.03046875 0.5159722222222223 0.0609375 0.06944444444444445
1 0.961328125 0.5569444444444445 0.03359375 0.09305555555555556
1 0.80859375 0.49375 0.02734375 0.05694444444444444
1 0.819140625 0.45625 0.05703125 0.05555555555555555
1 0.758984375 0.53125 0.02421875 0.0763888888888889
1 0.730859375 0.49583333333333335 0.021875 0.06111111111111111
1 0.673046875 0.53125 0.03359375 0.059722222222222225
1 0.76875 0.4840277777777778 0.02109375 0.04027777777777778
1 0.641015625 0.4638888888888889 0.01171875 0.0375
1 0.569921875 0.5430555555555555 0.02734375 0.09305555555555556
1 0.542578125 0.5069444444444444 0.02734375 0.059722222222222225
1 0.481640625 0.4527777777777778 0.025 0.04583333333333333