1 0.26171875 0.6430555555555556 0.2046875 0.2013888888888889
1 0.281640625 0.5222222222222223 0.10859375 0.07777777777777778
1 0.653515625 0.7298611111111111 0.1390625 0.3055555555555556
1 0.687890625 0.5208333333333334 0.13046875 0.14583333333333334
1 0.747265625 0.4166666666666667 0.078125 0.04861111111111111
1 0.477734375 0.5048611111111111 0.1171875 0.11527777777777778
1 0.567578125 0.4479166666666667 0.06875 0.06388888888888888
1 0.7015625 0.37916666666666665 0.03671875 0.04861111111111111
1 0.136328125 0.47291666666666665 0.05703125 0.06527777777777778
1 0.34453125 0.46875 0.06875 0.06666666666666667
1 0.277734375 0.4625 0.06484375 0.05277777777777778
1 0.211328125 0.45416666666666666 0.0328125 0.04861111111111111
1 0.19140625 0.4652777777777778 0.0265625 0.0375