0 0.18828125 0.6625 0.11875 0.20277777777777778
0 0.35234375 0.6083333333333333 0.1265625 0.2222222222222222
0 0.68125 0.6833333333333333 0.134375 0.24444444444444444
0 0.84296875 0.6416666666666667 0.0421875 0.1
0 0.72578125 0.28888888888888886 0.178125 0.23055555555555557
0 0.56015625 0.20416666666666666 0.10625 0.1361111111111111
0 0.52578125 0.06666666666666667 0.0734375 0.09166666666666666
0 0.61484375 0.12916666666666668 0.096875 0.08611111111111111
0 0.690625 0.12361111111111112 0.1 0.1111111111111111
0 0.84453125 0.025 0.0828125 0.05
0 0.8375 0.3527777777777778 0.06875 0.06944444444444445
0 0.4296875 0.3263888888888889 0.146875 0.18611111111111112
0 0.9203125 0.5972222222222222 0.10625 0.2722222222222222