0 0.5369583333333333 0.9212962962962962 0.03853124999999995 0.025462962962962857
0 0.5372812499999999 0.8825277777777777 0.04308854166666674 0.01967592592592603
0 0.545421875 0.7453703703703703 0.04244270833333328 0.0324074074074073
0 0.5675520833333334 0.6180555555555556 0.03984375 0.03009259259259254
0 0.5662499999999999 0.5457222222222222 0.04765104166666649 0.021990740740740793
0 0.5600677083333332 0.4652777777777778 0.05090624999999989 0.025462962962963017
0 0.5623437499999999 0.3703703703703703 0.06197395833333328 0.027777777777777776
0 0.5392395833333332 0.3067129629629629 0.06261979166666673 0.018518518518518493
0 0.514828125 0.2309074074074074 0.06586979166666662 0.021990740740740713
0 0.49073958333333334 0.14930555555555555 0.06716666666666668 0.03009259259259258
0 0.47446874999999994 0.03414814814814815 0.06455729166666675 0.03356481481481482