0 0.31484375 0.5305555555555556 0.0328125 0.03888888888888889
0 0.3765625 0.5194444444444445 0.0296875 0.041666666666666664
0 0.36015625 0.5541666666666667 0.028125 0.030555555555555555
0 0.38359375 0.5625 0.025 0.027777777777777776
0 0.40390625 0.5347222222222222 0.0296875 0.03333333333333333
0 0.42421875 0.5236111111111111 0.0265625 0.03333333333333333
0 0.44375 0.5416666666666666 0.025 0.04722222222222222
0 0.41640625 0.5736111111111111 0.0234375 0.027777777777777776
0 0.51875 0.5263888888888889 0.034375 0.03611111111111111
0 0.61875 0.4361111111111111 0.0296875 0.025
0 0.546875 0.4861111111111111 0.0265625 0.022222222222222223
0 0.540625 0.5055555555555555 0.0265625 0.030555555555555555
0 0.47109375 0.5777777777777777 0.0171875 0.022222222222222223
0 0.58671875 0.5708333333333333 0.0234375 0.027777777777777776
0 0.5703125 0.7222222222222222 0.021875 0.027777777777777776
0 0.66640625 0.5361111111111111 0.0375 0.03333333333333333
0 0.70546875 0.5888888888888889 0.028125 0.030555555555555555
0 0.828125 0.35555555555555557 0.0375 0.041666666666666664
0 0.8078125 0.5041666666666667 0.075 0.06944444444444445
0 0.79921875 0.5930555555555556 0.0296875 0.022222222222222223
0 0.75234375 0.4375 0.0296875 0.03888888888888889
0 0.853125 0.4305555555555556 0.03125 0.027777777777777776
0 0.74140625 0.4791666666666667 0.0203125 0.025
0 0.72890625 0.49166666666666664 0.01875 0.016666666666666666