0 0.43828125 0.9125 0.0390625 0.03333333333333333
0 0.440625 0.8736111111111111 0.04375 0.027777777777777776
0 0.440625 0.7361111111111112 0.04375 0.03888888888888889
0 0.42578125 0.6041666666666666 0.040625 0.03611111111111111
0 0.43125 0.5333333333333333 0.0484375 0.030555555555555555
0 0.4421875 0.45416666666666666 0.0515625 0.03611111111111111
0 0.4453125 0.3597222222222222 0.0625 0.03888888888888889
0 0.47265625 0.3 0.0640625 0.030555555555555555
0 0.50078125 0.22916666666666666 0.0671875 0.03333333333333333
0 0.5296875 0.1527777777777778 0.06875 0.041666666666666664
0 0.553125 0.041666666666666664 0.065625 0.044444444444444446