0 0.02265625 0.36944444444444446 0.040625 0.08333333333333333
0 0.25 0.29305555555555557 0.040625 0.09166666666666666
0 0.33046875 0.13194444444444445 0.0640625 0.09722222222222222
0 0.38203125 0.32916666666666666 0.065625 0.07777777777777778
0 0.4046875 0.41805555555555557 0.05625 0.06111111111111111
0 0.575 0.5458333333333333 0.0578125 0.058333333333333334
0 0.76015625 0.2875 0.0921875 0.08055555555555556
0 0.72890625 0.4861111111111111 0.0265625 0.058333333333333334
0 0.76953125 0.7305555555555555 0.04375 0.09444444444444444
0 0.77890625 0.8652777777777778 0.0484375 0.06944444444444445
0 0.63671875 0.7847222222222222 0.03125 0.05
0 0.478125 0.7708333333333334 0.0390625 0.05277777777777778