0 0.315234375 0.5366851851851852 0.03247395833333329 0.03917592592592582
0 0.37692708333333336 0.5235 0.02928645833333334 0.04131481481481466
0 0.36110416666666667 0.5591203703703703 0.028078125000000044 0.028490740740740723
0 0.3845364583333333 0.5662407407407406 0.025281250000000012 0.02563888888888894
0 0.4043697916666666 0.537037037037037 0.028890625000000014 0.031342592592592505
0 0.4241979166666667 0.526 0.026093749999999895 0.032055555555555455
0 0.4438281249999999 0.5427314814814814 0.024494791666666592 0.045583333333333406
0 0.4173854166666667 0.5754999999999999 0.022885416666666637 0.027064814814814833
0 0.5187395833333334 0.526 0.03412500000000005 0.03489814814814814
0 0.618484375 0.43198148148148147 0.029343750000000134 0.024925925925925834
0 0.5467812499999999 0.4850462962962963 0.026119791666666715 0.021370370370370356
0 0.5405677083333333 0.5046296296296297 0.026520833333333372 0.02920370370370367
0 0.47206770833333334 0.5787037037037036 0.016890625000000093 0.022083333333333302
0 0.5876406249999999 0.5687314814814814 0.02372916666666658 0.027777777777777776
0 0.5728177083333332 0.7197314814814814 0.02211979166666662 0.027777777777777776
0 0.6667552083333333 0.5313425925925925 0.037765625000000115 0.03275925925925931
0 0.7064166666666666 0.5829814814814814 0.02816145833333348 0.030629629629629562
0 0.8267187499999998 0.34524074074074074 0.03656249999999979 0.041009259259259224
0 0.8081197916666666 0.49437962962962956 0.07450000000000001 0.06812037037037032
0 0.79975 0.5839907407407408 0.030234375000000036 0.022490740740740655
0 0.7519479166666667 0.43022222222222223 0.029848958333333363 0.037694444444444426
0 0.8525729166666667 0.4199722222222222 0.03024479166666687 0.027777777777777776
0 0.7413489583333334 0.4712314814814814 0.020546874999999964 0.02447222222222223
0 0.7290729166666666 0.4851203703703703 0.018312499999999864 0.016537037037036996