0 0.04375 0.39444444444444443 0.046875 0.06388888888888888
0 0.03828125 0.5777777777777777 0.05 0.07777777777777778
0 0.13671875 0.7986111111111112 0.0375 0.05
0 0.14453125 0.5555555555555556 0.046875 0.06944444444444445
0 0.0640625 0.8430555555555556 0.0375 0.10833333333333334
0 0.18046875 0.6972222222222222 0.046875 0.08611111111111111
0 0.28359375 0.7888888888888889 0.0515625 0.07777777777777778
0 0.32890625 0.9194444444444444 0.0421875 0.075
0 0.28359375 0.4527777777777778 0.06875 0.12222222222222222
0 0.29453125 0.21944444444444444 0.0703125 0.11388888888888889
0 0.95078125 0.8569444444444444 0.059375 0.11388888888888889
0 0.9609375 0.8875 0.03125 0.058333333333333334
0 0.90390625 0.9652777777777778 0.0453125 0.06944444444444445
0 0.70234375 0.6347222222222222 0.053125 0.10277777777777777
0 0.6421875 0.9347222222222222 0.0421875 0.05277777777777778
0 0.6171875 0.9138888888888889 0.0453125 0.06666666666666667
0 0.496875 0.6277777777777778 0.0609375 0.10277777777777777
0 0.42421875 0.7 0.0515625 0.08888888888888889
0 0.38828125 0.5152777777777777 0.0609375 0.10833333333333334
0 0.4734375 0.5069444444444444 0.071875 0.11944444444444445