0 0.032708333333333325 0.14275 0.06541666666666665 0.02932407407407409
0 0.18213541666666666 0.3140462962962963 0.07211979166666668 0.03549074074074075
0 0.27978125 0.35339814814814813 0.07995312500000003 0.040120370370370396
0 0.3687447916666667 0.4266944444444444 0.07737499999999997 0.038583333333333296
0 0.4538020833333333 0.507712962962963 0.06523958333333332 0.037037037037036986
0 0.5340885416666666 0.5802499999999999 0.060921875000000014 0.037037037037036986
0 0.6100364583333333 0.6651203703703703 0.06875 0.027777777777777776
0 0.673828125 0.7291666666666666 0.06095312500000016 0.029324074074074245
0 0.745 0.7731481481481481 0.060968749999999974 0.027777777777777776
0 0.8113958333333333 0.8078703703703703 0.053177083333333285 0.029324074074074245
0 0.8808333333333334 0.8310185185185184 0.05319270833333327 0.0324074074074073
0 0.9329114583333332 0.8773148148148148 0.04626041666666687 0.038583333333333296
0 0.9732708333333333 0.931324074074074 0.047135416666666784 0.0324074074074073