0 0.19765625 0.9194444444444444 0.0421875 0.03888888888888889
0 0.221875 0.8583333333333333 0.0515625 0.03888888888888889
0 0.23359375 0.7819444444444444 0.0546875 0.03611111111111111
0 0.25703125 0.6930555555555555 0.053125 0.030555555555555555
0 0.2796875 0.65 0.0578125 0.03611111111111111
0 0.31328125 0.6111111111111112 0.053125 0.044444444444444446
0 0.35546875 0.5680555555555555 0.059375 0.03888888888888889
0 0.4046875 0.5166666666666667 0.0625 0.03888888888888889
0 0.45546875 0.4583333333333333 0.06875 0.03611111111111111
0 0.509375 0.39166666666666666 0.0671875 0.03888888888888889
0 0.5640625 0.26805555555555555 0.071875 0.041666666666666664
0 0.62890625 0.175 0.0828125 0.041666666666666664