0 0.9390625 0.044444444444444446 0.0671875 0.044444444444444446
0 0.803125 0.24722222222222223 0.0734375 0.05
0 0.70859375 0.30694444444444446 0.0828125 0.058333333333333334
0 0.625 0.39861111111111114 0.0796875 0.05555555555555555
0 0.54609375 0.49722222222222223 0.0671875 0.05
0 0.471875 0.5875 0.0625 0.05
0 0.40234375 0.6875 0.0703125 0.041666666666666664
0 0.34296875 0.7652777777777777 0.0625 0.041666666666666664
0 0.27578125 0.8236111111111111 0.0625 0.041666666666666664
0 0.21171875 0.8736111111111111 0.0546875 0.041666666666666664
0 0.14453125 0.9111111111111111 0.0546875 0.044444444444444446
0 0.09609375 0.9680555555555556 0.0484375 0.04722222222222222