0 0.6578125 0.23472222222222222 0.1078125 0.20555555555555555
0 0.42734375 0.5236111111111111 0.078125 0.14444444444444443
0 0.94375 0.5833333333333334 0.0609375 0.09722222222222222
0 0.975 0.6236111111111111 0.05 0.125
0 0.71015625 0.7152777777777778 0.0578125 0.07222222222222222
0 0.5734375 0.7111111111111111 0.053125 0.075
0 0.878125 0.7486111111111111 0.0390625 0.044444444444444446
0 0.478125 0.5902777777777778 0.053125 0.07777777777777778
0 0.49609375 0.6888888888888889 0.0515625 0.10833333333333334
0 0.3125 0.7166666666666667 0.0609375 0.15833333333333333
0 0.4796875 0.8055555555555556 0.08125 0.15555555555555556
0 0.0390625 0.5055555555555555 0.078125 0.18333333333333332
0 0.39609375 0.7083333333333334 0.053125 0.08055555555555556
0 0.24140625 0.6208333333333333 0.05 0.10833333333333334