0 0.80703125 0.2861111111111111 0.1390625 0.25555555555555554
0 0.95 0.5319444444444444 0.1 0.19722222222222222
0 0.75859375 0.5847222222222223 0.165625 0.17777777777777778
0 0.68515625 0.5513888888888889 0.09375 0.075
0 0.51953125 0.30694444444444446 0.1765625 0.24444444444444444
0 0.28828125 0.2222222222222222 0.1546875 0.21666666666666667
0 0.43671875 0.49722222222222223 0.1125 0.1527777777777778
0 0.40546875 0.5333333333333333 0.11875 0.15555555555555556
0 0.2953125 0.6069444444444444 0.125 0.08888888888888889
0 0.29140625 0.4791666666666667 0.1125 0.11666666666666667
0 0.15078125 0.5236111111111111 0.178125 0.21666666666666667
0 0.17734375 0.5166666666666667 0.115625 0.11666666666666667