0 0.22265625 0.6916666666666667 0.040625 0.09444444444444444
0 0.25859375 0.8958333333333334 0.0515625 0.075
0 0.209375 0.8875 0.0265625 0.04722222222222222
0 0.359375 0.8125 0.0453125 0.06111111111111111
0 0.51953125 0.7722222222222223 0.040625 0.05555555555555555
0 0.57890625 0.6444444444444445 0.059375 0.06666666666666667
0 0.44609375 0.6291666666666667 0.04375 0.058333333333333334
0 0.4125 0.6861111111111111 0.04375 0.07222222222222222
0 0.496875 0.5152777777777777 0.046875 0.07222222222222222
0 0.553125 0.44166666666666665 0.0296875 0.07222222222222222
0 0.5671875 0.16111111111111112 0.09375 0.11944444444444445
0 0.86328125 0.34444444444444444 0.0328125 0.058333333333333334
0 0.6984375 0.5694444444444444 0.065625 0.05555555555555555