0 0.19949479166666664 0.25849074074074074 0.13288020833333333 0.24228703703703694
0 0.047901041666666665 0.4899722222222222 0.095796875 0.18981481481481477
0 0.23942187500000003 0.5609537037037037 0.1606666666666667 0.16203703703703698
0 0.31319791666666663 0.5339537037037037 0.09124479166666673 0.06789814814814814
0 0.486359375 0.304787037037037 0.17027083333333337 0.22993518518518524
0 0.7194010416666666 0.24228703703703702 0.14863020833333335 0.20370370370370366
0 0.5631666666666666 0.5030833333333333 0.1086666666666666 0.14197222222222225
0 0.5931093749999999 0.5416666666666666 0.11475000000000009 0.14506481481481487
0 0.701171875 0.6257685185185186 0.1225833333333334 0.07870370370370365
0 0.708984375 0.4984537037037037 0.10869791666666657 0.10802777777777774
0 0.847859375 0.5563240740740741 0.17296354166666675 0.20215740740740734
0 0.8213854166666665 0.5470648148148148 0.11306770833333343 0.10648148148148143