0 0.7804166666666668 0.9652777777777778 0.04119270833333344 0.0324074074074073
0 0.7592604166666665 0.9004629629629629 0.04965104166666663 0.0300925925925927
0 0.7517760416666667 0.8217592592592592 0.05290625000000002 0.027777777777777776
0 0.7328958333333333 0.730324074074074 0.05290104166666669 0.023148148148148254
0 0.7117447916666666 0.6840277777777778 0.05615104166666658 0.027777777777777776
0 0.6804947916666666 0.6394722222222222 0.05223437499999992 0.035879629629629685
0 0.6404635416666666 0.5897037037037036 0.05808854166666677 0.028935185185185237
0 0.5942447916666667 0.5318333333333333 0.060677083333333395 0.028935185185185237
0 0.5463958333333332 0.4647037037037037 0.06782812499999995 0.02662037037037032
0 0.4959479166666666 0.39120370370370366 0.0658645833333333 0.03009259259259254
0 0.4477760416666666 0.2586851851851852 0.0710572916666667 0.03125
0 0.3872395833333333 0.15683333333333332 0.08145833333333337 0.0289351851851852