0 0.7883958333333333 0.6303981481481481 0.03494270833333335 0.08796296296296302
0 0.7671302083333333 0.8410462962962962 0.047958333333333235 0.06481481481481492
0 0.8148697916666666 0.8209907407407406 0.023666666666666815 0.04321296296296313
0 0.6612395833333332 0.7800925925925926 0.04272395833333338 0.050925925925926034
0 0.4993697916666666 0.7746944444444444 0.03834374999999994 0.04629629629629619
0 0.431234375 0.6604907407407408 0.056557291666666565 0.05555555555555555
0 0.5627291666666666 0.6165092592592593 0.04009895833333328 0.050925925925925875
0 0.5996145833333333 0.6658981481481481 0.03923958333333335 0.06326851851851845
0 0.504140625 0.5146574074074074 0.04268750000000008 0.06326851851851845
0 0.44338541666666664 0.4529351851851852 0.025312499999999894 0.06636111111111108
0 0.41040625 0.1774722222222222 0.08779687499999995 0.10185185185185186
0 0.12874999999999998 0.42437962962962955 0.02957812500000001 0.052472222222222184
0 0.3075520833333333 0.6126574074074074 0.06260416666666666 0.04321296296296298