0 0.8359375 0.34444444444444444 0.0890625 0.20277777777777778
0 0.59375 0.4888888888888889 0.084375 0.18611111111111112
0 0.6953125 0.7652777777777777 0.0828125 0.2388888888888889
0 0.66875 0.8875 0.0671875 0.20833333333333334
0 0.60234375 0.2875 0.0796875 0.15833333333333333
0 0.55078125 0.33611111111111114 0.078125 0.14722222222222223
0 0.4453125 0.30416666666666664 0.084375 0.13055555555555556
0 0.36484375 0.41805555555555557 0.071875 0.21388888888888888
0 0.2328125 0.6375 0.071875 0.2722222222222222
0 0.4203125 0.8666666666666667 0.075 0.18888888888888888
0 0.04921875 0.5388888888888889 0.0984375 0.20555555555555555
0 0.0390625 0.6763888888888889 0.06875 0.1527777777777778
0 0.3125 0.8791666666666667 0.071875 0.125