0 0.9602499999999999 0.5084907407407406 0.04366145833333342 0.05400925925925924
0 0.9511354166666667 0.6905833333333333 0.04452604166666667 0.06636111111111115
0 0.9828177083333334 0.9776203703703702 0.029781249999999915 0.04475000000000004
0 0.8361354166666667 0.8850277777777779 0.03495312500000018 0.041666666666666664
0 0.8474166666666665 0.6427499999999999 0.04190104166666657 0.06018518518518524
0 0.9047031249999999 0.9475277777777776 0.029760416666666602 0.10185185185185175
0 0.800984375 0.7739166666666667 0.041020833333333416 0.07562037037037043
0 0.6920520833333332 0.8395092592592591 0.047072916666666666 0.06789814814814797
0 0.6369374999999999 0.9575648148148149 0.03751041666666666 0.06636111111111108
0 0.71809375 0.5069444444444444 0.06096354166666682 0.1095648148148148
0 0.7254739583333334 0.27314814814814814 0.06356770833333343 0.09876851851851845
0 0.02590104166666667 0.7422870370370369 0.05125520833333332 0.10185185185185183
0 0.013541666666666665 0.7699074074074073 0.02708333333333333 0.05277777777777778
0 0.06235416666666667 0.8634259259259258 0.04084375 0.06636111111111108
0 0.14437499999999998 0.942898148148148 0.03131770833333332 0.0648148148148146
0 0.23203125 0.9782407407407406 0.0338541666666667 0.043518518518518415
0 0.28932291666666665 0.5841018518518518 0.04697395833333333 0.09104629629629622
0 0.32491145833333335 0.8958333333333334 0.03830208333333331 0.04475000000000004
0 0.3518177083333333 0.8811759259259259 0.04178125000000001 0.05555555555555555
0 0.49329166666666663 0.6273148148148148 0.05396875000000012 0.09104629629629622
0 0.5592552083333333 0.7168240740740739 0.04530208333333334 0.07870370370370373
0 0.6091666666666666 0.5424351851851852 0.053125 0.09722222222222222
0 0.52540625 0.5138888888888888 0.06439062500000006 0.10493518518518512