0 0.8213802083333333 0.5841018518518518 0.1061197916666667 0.17747222222222234
0 0.654734375 0.570212962962963 0.11302604166666655 0.19599074074074074
0 0.3348958333333333 0.7268518518518517 0.1190260416666666 0.21604629629629624
0 0.17171354166666666 0.7253055555555556 0.035666666666666694 0.09259259259259262
0 0.2598229166666667 0.3464537037037037 0.1650104166666666 0.19289814814814812
0 0.41691666666666666 0.22145370370370368 0.09908333333333333 0.11265740740740743
0 0.44078124999999996 0.0771574074074074 0.06870833333333337 0.07407407407407408
0 0.3574635416666666 0.16049074074074074 0.0929947916666666 0.06481481481481483
0 0.281515625 0.17515740740740737 0.09384375 0.08796296296296294
0 0.11746875000000001 0.06712962962962962 0.07297395833333335 0.13425925925925924
0 0.15392708333333333 0.43826851851851845 0.06603645833333331 0.052472222222222184
0 0.5557916666666666 0.3101851851851852 0.13556770833333331 0.15432407407407406
0 0.09143229166666667 0.7006203703703703 0.08685416666666666 0.25308333333333327