0 0.33923437500000003 0.23997222222222223 0.10514062500000003 0.20215740740740742
0 0.5727135416666667 0.5216018518518518 0.07742187500000011 0.14197222222222225
0 0.057145833333333326 0.5972222222222222 0.0599375 0.09567592592592591
0 0.025307291666666665 0.6388888888888888 0.050609375 0.12345370370370369
0 0.291921875 0.7222222222222222 0.05717708333333329 0.07099074074074084
0 0.428625 0.7129629629629629 0.05280729166666678 0.07407407407407404
0 0.12440625000000001 0.7608055555555555 0.038125000000000006 0.04321296296296313
0 0.5227968749999999 0.5895092592592591 0.0519166666666667 0.07715740740740734
0 0.505875 0.6890462962962962 0.05105208333333326 0.10648148148148143
0 0.6898802083333333 0.7106481481481481 0.05968749999999989 0.15586111111111106
0 0.523671875 0.8047870370370369 0.08001562500000006 0.1527777777777778
0 0.9609635416666666 0.4907407407407407 0.07806770833333339 0.18210185185185188
0 0.6061249999999999 0.7044722222222223 0.05226041666666674 0.07870370370370373
0 0.7597552083333333 0.6126574074074074 0.048822916666666494 0.1080277777777779