0 0.018734374999999998 0.42857407407407405 0.037468749999999995 0.07936111111111109
0 0.24242187499999995 0.32407407407407407 0.038015624999999977 0.08730555555555554
0 0.31607291666666665 0.15410185185185185 0.060348958333333425 0.08862037037037034
0 0.37521875 0.34391666666666665 0.06259895833333337 0.0714259259259259
0 0.4016302083333333 0.4305555555555556 0.05442187500000002 0.05423148148148158
0 0.5768333333333333 0.535712962962963 0.056692708333333286 0.050268518518518435
0 0.7512916666666667 0.2559537037037037 0.09021354166666669 0.07010185185185189
0 0.7278541666666667 0.4576759259259259 0.023994791666666692 0.05555555555555555
0 0.7780729166666667 0.6964259259259259 0.03963020833333335 0.08862037037037038
0 0.792734375 0.8302499999999999 0.04535937500000013 0.06481481481481492
0 0.6477864583333333 0.7669722222222223 0.029703125000000163 0.04629629629629619
0 0.4885208333333333 0.7731481481481481 0.037473958333333356 0.049379629629629565