0 0.838453125 0.36527777777777776 0.08458593749999999 0.19722222222222222
0 0.593953125 0.49444444444444446 0.08140625000000004 0.18055555555555555
0 0.6900390625 0.7770833333333333 0.07830468750000001 0.23472222222222222
0 0.661125 0.8979166666666667 0.06387499999999999 0.20416666666666666
0 0.6064453125 0.29375 0.07639062499999998 0.15416666666666667
0 0.55371875 0.33958333333333335 0.07561718749999997 0.14305555555555555
0 0.4494296875 0.30069444444444443 0.08267187499999995 0.12638888888888888
0 0.36624218750000004 0.4097222222222222 0.0680703125 0.2111111111111111
0 0.2299375 0.6208333333333333 0.06725781250000003 0.26944444444444443
0 0.4131171875 0.8618055555555556 0.07120312500000008 0.18472222222222223
0 0.0481875 0.5125 0.096375 0.2
0 0.0358046875 0.6479166666666667 0.06636718750000001 0.1486111111111111
0 0.3053125 0.8666666666666667 0.06961718750000001 0.11944444444444445